690	114788	115	10178	0.989989	3.337500
854	120114	115	10178	0.961398	2.798077
1240	138474	115	10178	0.997942	5.511364
1479	1499	115	10178	0.999996	12.214286
1908	1767	115	10178	0.929797	2.192308
2603	2312	115	10178	0.644214	0.928571
2759	23345	115	10178	0.986707	3.105882
4045	324	115	10178	0.583704	0.903226
4108	338	115	10178	0.460493	0.516667
4522	3815	115	10178	0.998931	5.700000
4536	3845	115	10178	0.534998	0.909091
4844	4089	115	10178	0.995218	3.759259
4994	440279	115	10178	0.993844	4.666667
5120	472	115	10178	0.999472	5.562500
5143	4763	115	10178	0.937437	2.166667
5209	4893	115	10178	0.556664	0.633333
5717	5290	115	10178	0.942568	2.038314
5747	53353	115	10178	0.971560	2.848485
5946	54768	115	10178	0.929797	2.192308
6198	55294	115	10178	0.965134	2.400000
6609	56776	115	10178	0.996678	4.848485
6747	5727	115	10178	0.997942	5.511364
6748	5728	115	10178	0.998786	4.583851
6910	57674	115	10178	0.998799	6.363636
6928	577	115	10178	0.839105	1.523810
7063	5925	115	10178	0.909980	1.972028
7215	6261	115	10178	0.946946	2.461538
7216	6262	115	10178	0.743537	1.194570
7430	64478	115	10178	0.962053	2.583333
7664	667	115	10178	0.961398	2.798077
7681	6708	115	10178	0.999350	7.500000
7693	673	115	10178	0.765166	1.220779
7703	675	115	10178	0.839105	1.523810
7789	6934	115	10178	0.507366	0.569697
7885	7157	115	10178	0.836831	1.575758
7935	7273	115	10178	0.965108	2.310606
8004	7399	115	10178	0.909980	1.972028
8016	7428	115	10178	0.998316	5.127273
8289	79633	115	10178	0.765166	1.220779
8352	79776	115	10178	0.990304	4.041667
8865	84033	115	10178	0.996678	4.848485
9302	8701	115	10178	0.909980	1.972028
9818	94025	115	10178	0.743537	1.194570
10199	999	115	10178	0.993844	4.666667
115	10178	690	114788	0.989989	3.337500
854	120114	690	114788	0.972164	2.920635
1240	138474	690	114788	0.811498	1.405263
1479	1499	690	114788	0.903405	1.785714
1908	1767	690	114788	0.940537	2.222222
2603	2312	690	114788	0.999771	6.500000
2759	23345	690	114788	0.914099	1.808824
4108	338	690	114788	0.940537	2.222222
4522	3815	690	114788	0.957496	2.352941
4536	3845	690	114788	0.178272	0.576923
4844	4089	690	114788	0.871037	1.578947
4994	440279	690	114788	0.999959	11.083333
5120	472	690	114788	0.999629	5.059524
5143	4763	690	114788	0.995328	3.733333
5209	4893	690	114788	0.886871	1.796053
5717	5290	690	114788	0.843324	1.448980
5747	53353	690	114788	0.893705	1.777778
5946	54768	690	114788	0.986480	3.345588
6198	55294	690	114788	0.993378	3.115385
6609	56776	690	114788	0.512055	0.725000
6747	5727	690	114788	0.811498	1.405263
6748	5728	690	114788	0.921116	1.785714
6910	57674	690	114788	0.991704	3.865546
6928	577	690	114788	0.886871	1.796053
7063	5925	690	114788	0.979248	2.941176
7215	6261	690	114788	0.991704	3.865546
7216	6262	690	114788	0.989526	3.087179
7430	64478	690	114788	0.989989	3.337500
7664	667	690	114788	0.972164	2.920635
7681	6708	690	114788	0.886871	1.796053
7693	673	690	114788	0.567005	0.800000
7703	675	690	114788	0.886871	1.796053
7789	6934	690	114788	0.851202	1.578947
7885	7157	690	114788	0.961760	2.497653
7935	7273	690	114788	0.897981	1.628571
8004	7399	690	114788	0.996122	4.265625
8016	7428	690	114788	0.999953	7.875000
8289	79633	690	114788	0.567005	0.800000
8352	79776	690	114788	0.958207	2.527778
8865	84033	690	114788	0.979248	2.941176
9302	8701	690	114788	0.996122	4.265625
9818	94025	690	114788	0.879306	1.647059
10199	999	690	114788	0.886871	1.796053
115	10178	854	120114	0.961398	2.798077
690	114788	854	120114	0.972164	2.920635
1240	138474	854	120114	0.982299	3.750000
1479	1499	854	120114	0.929725	2.203125
1908	1767	854	120114	0.997914	6.412698
2603	2312	854	120114	0.961398	2.798077
2759	23345	854	120114	0.999245	6.564706
4045	324	854	120114	0.757315	1.340206
4108	338	854	120114	0.903443	2.000000
4522	3815	854	120114	0.961398	2.798077
4536	3845	854	120114	0.685616	1.115789
4844	4089	854	120114	0.289945	0.358333
4994	440279	854	120114	0.999179	8.408163
5120	472	854	120114	0.992177	3.991228
5143	4763	854	120114	0.998611	6.217949
5209	4893	854	120114	0.737980	1.000000
5717	5290	854	120114	0.804959	1.392857
5747	53353	854	120114	0.995564	5.142857
5946	54768	854	120114	0.903443	2.000000
6198	55294	854	120114	0.984903	3.333333
6609	56776	854	120114	0.242685	0.000000
6747	5727	854	120114	0.664485	0.816667
6748	5728	854	120114	0.871421	1.673469
6910	57674	854	120114	0.999912	12.261905
6928	577	854	120114	0.737980	1.000000
7063	5925	854	120114	0.883530	1.814815
7215	6261	854	120114	0.987103	4.208333
7216	6262	854	120114	0.916672	2.051471
7430	64478	854	120114	0.961398	2.798077
7664	667	854	120114	0.999179	8.408163
7681	6708	854	120114	0.938006	2.493827
7693	673	854	120114	0.903443	2.000000
7703	675	854	120114	0.999179	8.408163
7789	6934	854	120114	0.701248	0.900000
7885	7157	854	120114	0.828514	1.611111
7935	7273	854	120114	0.989460	3.710145
8004	7399	854	120114	0.996902	5.714286
8016	7428	854	120114	0.999035	6.805556
8289	79633	854	120114	0.982299	3.750000
8352	79776	854	120114	0.987103	4.208333
8865	84033	854	120114	0.999736	9.351852
9302	8701	854	120114	0.976458	3.375000
9818	94025	854	120114	0.981941	3.357143
10199	999	854	120114	0.938006	2.493827
115	10178	1240	138474	0.997942	5.511364
690	114788	1240	138474	0.811498	1.405263
854	120114	1240	138474	0.982299	3.750000
1479	1499	1240	138474	0.968149	2.755556
1908	1767	1240	138474	0.994861	4.888889
2603	2312	1240	138474	0.460493	0.516667
2759	23345	1240	138474	0.982767	3.125000
4045	324	1240	138474	0.815406	1.642105
4108	338	1240	138474	0.994861	4.888889
4522	3815	1240	138474	0.997942	5.511364
4536	3845	1240	138474	0.845427	1.541818
4844	4089	1240	138474	0.994711	4.015038
4994	440279	1240	138474	0.997914	6.412698
5120	472	1240	138474	0.995982	4.285714
5143	4763	1240	138474	0.995747	4.567308
5209	4893	1240	138474	0.903443	2.000000
5717	5290	1240	138474	0.852486	1.552419
5747	53353	1240	138474	0.998638	6.125000
5946	54768	1240	138474	0.966361	2.940000
6198	55294	1240	138474	0.678545	1.050000
6609	56776	1240	138474	0.538238	0.608974
6747	5727	1240	138474	0.999477	7.812500
6748	5728	1240	138474	0.999920	8.315217
6910	57674	1240	138474	0.975130	3.300000
6928	577	1240	138474	0.982299	3.750000
7063	5925	1240	138474	0.955911	2.645455
7215	6261	1240	138474	0.996636	5.555556
7216	6262	1240	138474	0.857059	1.605882
7430	64478	1240	138474	0.929797	2.192308
7664	667	1240	138474	0.982299	3.750000
7681	6708	1240	138474	0.664485	0.816667
7693	673	1240	138474	0.999965	12.367347
7703	675	1240	138474	0.997914	6.412698
7789	6934	1240	138474	0.879547	1.781818
7885	7157	1240	138474	0.896726	2.018987
7935	7273	1240	138474	0.997598	4.848485
8004	7399	1240	138474	0.955911	2.645455
8016	7428	1240	138474	0.996996	5.000000
8289	79633	1240	138474	0.853503	1.603306
8352	79776	1240	138474	0.975130	3.300000
8865	84033	1240	138474	0.955911	2.645455
9302	8701	1240	138474	0.955911	2.645455
9818	94025	1240	138474	0.857059	1.605882
10199	999	1240	138474	0.903443	2.000000
115	10178	1479	1499	0.999996	12.214286
690	114788	1479	1499	0.903405	1.785714
854	120114	1479	1499	0.929725	2.203125
1240	138474	1479	1499	0.968149	2.755556
1908	1767	1479	1499	0.877680	1.725000
2603	2312	1479	1499	0.522487	0.739496
2759	23345	1479	1499	0.882957	1.666667
4045	324	1479	1499	0.921455	2.629213
4108	338	1479	1499	0.667341	0.973262
4522	3815	1479	1499	0.922199	2.000000
4536	3845	1479	1499	0.243069	0.621488
4844	4089	1479	1499	0.999293	4.837500
4994	440279	1479	1499	0.763290	1.215686
5120	472	1479	1499	0.986591	2.916667
5143	4763	1479	1499	0.998556	4.825758
5209	4893	1479	1499	0.998052	5.714286
5717	5290	1479	1499	0.979642	2.500000
5747	53353	1479	1499	0.812419	1.406250
5946	54768	1479	1499	0.877680	1.725000
6198	55294	1479	1499	0.992343	3.177033
6609	56776	1479	1499	0.999855	7.916667
6747	5727	1479	1499	0.994134	4.196429
6748	5728	1479	1499	1.000000	13.066667
6910	57674	1479	1499	0.996491	4.846939
6928	577	1479	1499	0.456526	0.511111
7063	5925	1479	1499	0.955584	2.453333
7215	6261	1479	1499	0.978143	3.133333
7216	6262	1479	1499	0.614321	0.937500
7430	64478	1479	1499	0.522487	0.739496
7664	667	1479	1499	0.985788	3.619048
7681	6708	1479	1499	0.929725	2.203125
7693	673	1479	1499	0.667341	0.973262
7703	675	1479	1499	0.456526	0.511111
7789	6934	1479	1499	0.715881	1.082353
7885	7157	1479	1499	0.778744	1.350000
7935	7273	1479	1499	0.935270	1.886628
8004	7399	1479	1499	0.955584	2.453333
8016	7428	1479	1499	0.999117	5.366667
8289	79633	1479	1499	0.667341	0.973262
8352	79776	1479	1499	0.715881	1.082353
8865	84033	1479	1499	0.998626	5.423077
9302	8701	1479	1499	0.618474	0.882353
9818	94025	1479	1499	0.350902	0.549020
10199	999	1479	1499	0.998052	5.714286
115	10178	1908	1767	0.929797	2.192308
690	114788	1908	1767	0.940537	2.222222
854	120114	1908	1767	0.997914	6.412698
1240	138474	1908	1767	0.994861	4.888889
1479	1499	1908	1767	0.877680	1.725000
2603	2312	1908	1767	0.765166	1.220779
2759	23345	1908	1767	0.999629	6.708333
4045	324	1908	1767	0.815406	1.642105
4108	338	1908	1767	0.994861	4.888889
4522	3815	1908	1767	0.985531	3.555556
4536	3845	1908	1767	0.436378	0.766917
4844	4089	1908	1767	0.469884	0.671937
4994	440279	1908	1767	0.997914	6.412698
5120	472	1908	1767	0.995982	4.285714
5143	4763	1908	1767	0.974987	2.984127
5209	4893	1908	1767	0.903443	2.000000
5717	5290	1908	1767	0.852486	1.552419
5747	53353	1908	1767	0.943730	2.400000
5946	54768	1908	1767	0.853503	1.603306
6198	55294	1908	1767	0.998600	5.133333
6609	56776	1908	1767	0.825573	1.454545
6747	5727	1908	1767	0.966361	2.940000
6748	5728	1908	1767	0.533351	0.817241
6910	57674	1908	1767	0.996636	5.555556
6928	577	1908	1767	0.903443	2.000000
7063	5925	1908	1767	0.825573	1.454545
7215	6261	1908	1767	0.996636	5.555556
7216	6262	1908	1767	0.326119	0.390351
7430	64478	1908	1767	0.929797	2.192308
7664	667	1908	1767	0.982299	3.750000
7681	6708	1908	1767	0.982299	3.750000
7693	673	1908	1767	0.853503	1.603306
7703	675	1908	1767	0.997914	6.412698
7789	6934	1908	1767	0.879547	1.781818
7885	7157	1908	1767	0.699577	1.166667
7935	7273	1908	1767	0.985915	3.150000
8004	7399	1908	1767	0.955911	2.645455
8016	7428	1908	1767	0.733248	1.127273
8289	79633	1908	1767	0.966361	2.940000
8352	79776	1908	1767	0.996636	5.555556
8865	84033	1908	1767	0.955911	2.645455
9302	8701	1908	1767	0.825573	1.454545
9818	94025	1908	1767	0.998890	5.755102
10199	999	1908	1767	0.903443	2.000000
115	10178	2603	2312	0.644214	0.928571
690	114788	2603	2312	0.999771	6.500000
854	120114	2603	2312	0.961398	2.798077
1240	138474	2603	2312	0.460493	0.516667
1479	1499	2603	2312	0.522487	0.739496
1908	1767	2603	2312	0.765166	1.220779
2759	23345	2603	2312	0.640730	0.980769
4045	324	2603	2312	0.878800	2.119565
4108	338	2603	2312	0.929797	2.192308
4522	3815	2603	2312	0.862765	1.633136
4536	3845	2603	2312	0.063696	0.368339
4844	4089	2603	2312	0.310598	0.509317
4994	440279	2603	2312	0.961398	2.798077
5120	472	2603	2312	0.817178	1.416667
5143	4763	2603	2312	0.999680	6.646465
5209	4893	2603	2312	0.961398	2.798077
5717	5290	2603	2312	0.942568	2.038314
5747	53353	2603	2312	0.887587	1.788462
5946	54768	2603	2312	0.929797	2.192308
6198	55294	2603	2312	0.965134	2.400000
6609	56776	2603	2312	0.416296	0.471795
6747	5727	2603	2312	0.985531	3.555556
6748	5728	2603	2312	0.912816	1.823077
6910	57674	2603	2312	0.803158	1.357143
6928	577	2603	2312	0.839105	1.523810
7063	5925	2603	2312	0.725671	1.107143
7215	6261	2603	2312	0.507366	0.569697
7216	6262	2603	2312	0.973860	2.727273
7430	64478	2603	2312	0.962053	2.583333
7664	667	2603	2312	0.961398	2.798077
7681	6708	2603	2312	0.961398	2.798077
7693	673	2603	2312	0.765166	1.220779
7703	675	2603	2312	0.961398	2.798077
7789	6934	2603	2312	0.803158	1.357143
7885	7157	2603	2312	0.836831	1.575758
7935	7273	2603	2312	0.965108	2.310606
8004	7399	2603	2312	0.979338	3.166667
8016	7428	2603	2312	0.989287	3.522727
8289	79633	2603	2312	0.929797	2.192308
8352	79776	2603	2312	0.803158	1.357143
8865	84033	2603	2312	0.909980	1.972028
9302	8701	2603	2312	0.996678	4.848485
9818	94025	2603	2312	0.973860	2.727273
10199	999	2603	2312	0.961398	2.798077
115	10178	2759	23345	0.986707	3.105882
690	114788	2759	23345	0.914099	1.808824
854	120114	2759	23345	0.999245	6.564706
1240	138474	2759	23345	0.982767	3.125000
1479	1499	2759	23345	0.882957	1.666667
1908	1767	2759	23345	0.999629	6.708333
2603	2312	2759	23345	0.640730	0.980769
4045	324	2759	23345	0.956900	3.364706
4108	338	2759	23345	0.999629	6.708333
4522	3815	2759	23345	0.999648	6.000000
4536	3845	2759	23345	0.949992	1.953125
4844	4089	2759	23345	0.675691	1.083333
4994	440279	2759	23345	0.999938	10.281250
5120	472	2759	23345	0.985611	2.733333
5143	4763	2759	23345	0.998836	4.693333
5209	4893	2759	23345	0.966133	2.736842
5717	5290	2759	23345	0.965420	2.130178
5747	53353	2759	23345	0.998569	4.921875
5946	54768	2759	23345	0.786802	1.320000
6198	55294	2759	23345	0.990051	2.857143
6609	56776	2759	23345	0.477865	0.682540
6747	5727	2759	23345	0.996999	4.588235
6748	5728	2759	23345	0.960351	2.096273
6910	57674	2759	23345	0.592366	0.838095
6928	577	2759	23345	0.999245	6.564706
7063	5925	2759	23345	0.973774	2.746914
7215	6261	2759	23345	0.998415	5.411765
7216	6262	2759	23345	0.854963	1.537037
7430	64478	2759	23345	0.841799	1.508772
7664	667	2759	23345	0.870184	1.687500
7681	6708	2759	23345	0.651898	0.941799
7693	673	2759	23345	0.786802	1.320000
7703	675	2759	23345	0.993875	4.259259
7789	6934	2759	23345	0.289601	0.359504
7885	7157	2759	23345	0.571850	0.970320
7935	7273	2759	23345	0.998254	3.609023
8004	7399	2759	23345	0.999239	5.687500
8016	7428	2759	23345	0.980308	2.791444
8289	79633	2759	23345	0.928806	2.081871
8352	79776	2759	23345	0.989336	3.611111
8865	84033	2759	23345	0.973774	2.746914
9302	8701	2759	23345	0.903824	1.852632
9818	94025	2759	23345	0.985601	2.860577
10199	999	2759	23345	0.999245	6.564706
115	10178	4045	324	0.583704	0.903226
854	120114	4045	324	0.757315	1.340206
1240	138474	4045	324	0.815406	1.642105
1479	1499	4045	324	0.921455	2.629213
1908	1767	4045	324	0.815406	1.642105
2603	2312	4045	324	0.878800	2.119565
2759	23345	4045	324	0.956900	3.364706
4522	3815	4045	324	0.878800	2.119565
4536	3845	4045	324	0.673499	1.098039
4844	4089	4045	324	0.835089	1.642857
5120	472	4045	324	0.815285	1.552941
5717	5290	4045	324	0.649119	1.066667
5747	53353	4045	324	0.860356	1.956989
5946	54768	4045	324	0.815406	1.642105
6198	55294	4045	324	0.648119	1.060241
6609	56776	4045	324	0.839335	1.797872
6748	5728	4045	324	0.930482	2.337662
6910	57674	4045	324	0.788202	1.489583
6928	577	4045	324	0.757315	1.340206
7430	64478	4045	324	0.878800	2.119565
7681	6708	4045	324	0.757315	1.340206
7693	673	4045	324	0.461762	0.687500
7703	675	4045	324	0.757315	1.340206
7789	6934	4045	324	0.788202	1.489583
7885	7157	4045	324	0.890831	1.730769
7935	7273	4045	324	0.986724	3.339286
8289	79633	4045	324	0.815406	1.642105
8352	79776	4045	324	0.417557	0.618557
8865	84033	4045	324	0.839335	1.797872
9818	94025	4045	324	0.716623	1.213483
115	10178	4108	338	0.460493	0.516667
690	114788	4108	338	0.940537	2.222222
854	120114	4108	338	0.903443	2.000000
1240	138474	4108	338	0.994861	4.888889
1479	1499	4108	338	0.667341	0.973262
1908	1767	4108	338	0.994861	4.888889
2603	2312	4108	338	0.929797	2.192308
2759	23345	4108	338	0.999629	6.708333
4522	3815	4108	338	0.985531	3.555556
4536	3845	4108	338	0.987943	3.459119
4844	4089	4108	338	0.469884	0.671937
4994	440279	4108	338	0.997914	6.412698
5120	472	4108	338	0.978362	2.927632
5143	4763	4108	338	0.999495	6.857143
5209	4893	4108	338	0.903443	2.000000
5717	5290	4108	338	0.987664	3.178161
5747	53353	4108	338	0.998638	6.125000
5946	54768	4108	338	0.994861	4.888889
6198	55294	4108	338	0.998600	5.133333
6609	56776	4108	338	0.538238	0.608974
6747	5727	4108	338	0.994861	4.888889
6748	5728	4108	338	0.999222	5.600000
6910	57674	4108	338	0.879547	1.781818
6928	577	4108	338	0.997914	6.412698
7063	5925	4108	338	0.999135	6.875000
7215	6261	4108	338	0.879547	1.781818
7216	6262	4108	338	0.633861	0.909091
7430	64478	4108	338	0.985531	3.555556
7664	667	4108	338	0.903443	2.000000
7681	6708	4108	338	0.664485	0.816667
7693	673	4108	338	0.994861	4.888889
7703	675	4108	338	0.997914	6.412698
7789	6934	4108	338	0.879547	1.781818
7885	7157	4108	338	0.699577	1.166667
7935	7273	4108	338	0.985915	3.150000
8004	7399	4108	338	0.955911	2.645455
8016	7428	4108	338	0.996996	5.000000
8289	79633	4108	338	0.853503	1.603306
8352	79776	4108	338	0.879547	1.781818
8865	84033	4108	338	0.955911	2.645455
9302	8701	4108	338	0.992486	4.355556
9818	94025	4108	338	0.998890	5.755102
10199	999	4108	338	0.982299	3.750000
115	10178	4522	3815	0.998931	5.700000
690	114788	4522	3815	0.957496	2.352941
854	120114	4522	3815	0.961398	2.798077
1240	138474	4522	3815	0.997942	5.511364
1479	1499	4522	3815	0.922199	2.000000
1908	1767	4522	3815	0.985531	3.555556
2603	2312	4522	3815	0.862765	1.633136
2759	23345	4522	3815	0.999648	6.000000
4045	324	4522	3815	0.878800	2.119565
4108	338	4522	3815	0.985531	3.555556
4536	3845	4522	3815	0.327489	0.680556
4844	4089	4522	3815	0.921955	1.931818
4994	440279	4522	3815	0.839105	1.523810
5120	472	4522	3815	0.999472	5.562500
5143	4763	4522	3815	0.985206	3.216783
5209	4893	4522	3815	0.839105	1.523810
5717	5290	4522	3815	0.999372	5.064103
5747	53353	4522	3815	0.887587	1.788462
5946	54768	4522	3815	0.929797	2.192308
6198	55294	4522	3815	0.999786	6.214286
6609	56776	4522	3815	0.979338	3.166667
6747	5727	4522	3815	0.985531	3.555556
6748	5728	4522	3815	0.999834	6.287879
6910	57674	4522	3815	0.946946	2.461538
6928	577	4522	3815	0.839105	1.523810
7063	5925	4522	3815	0.996678	4.848485
7215	6261	4522	3815	0.990304	4.041667
7216	6262	4522	3815	0.211036	0.301754
7430	64478	4522	3815	0.644214	0.928571
7664	667	4522	3815	0.839105	1.523810
7681	6708	4522	3815	0.839105	1.523810
7693	673	4522	3815	0.997942	5.511364
7703	675	4522	3815	0.961398	2.798077
7789	6934	4522	3815	0.803158	1.357143
7885	7157	4522	3815	0.954316	2.671053
7935	7273	4522	3815	0.999983	11.375000
8004	7399	4522	3815	0.996678	4.848485
8016	7428	4522	3815	0.998316	5.127273
8289	79633	4522	3815	0.765166	1.220779
8352	79776	4522	3815	0.990304	4.041667
8865	84033	4522	3815	0.979338	3.166667
9302	8701	4522	3815	0.909980	1.972028
9818	94025	4522	3815	0.973860	2.727273
10199	999	4522	3815	0.999350	7.500000
115	10178	4536	3845	0.534998	0.909091
690	114788	4536	3845	0.178272	0.576923
854	120114	4536	3845	0.685616	1.115789
1240	138474	4536	3845	0.845427	1.541818
1479	1499	4536	3845	0.243069	0.621488
1908	1767	4536	3845	0.436378	0.766917
2603	2312	4536	3845	0.063696	0.368339
2759	23345	4536	3845	0.949992	1.953125
4045	324	4536	3845	0.673499	1.098039
4108	338	4536	3845	0.987943	3.459119
4522	3815	4536	3845	0.327489	0.680556
4844	4089	4536	3845	0.407723	0.814480
4994	440279	4536	3845	0.869471	1.687500
5120	472	4536	3845	0.967253	2.127660
5143	4763	4536	3845	0.861928	1.541209
5209	4893	4536	3845	0.218940	0.493947
5717	5290	4536	3845	0.617763	1.041444
5747	53353	4536	3845	0.431243	0.781250
5946	54768	4536	3845	0.664584	1.083333
6198	55294	4536	3845	0.247930	0.674510
6609	56776	4536	3845	0.002577	0.125683
6747	5727	4536	3845	0.664584	1.083333
6748	5728	4536	3845	0.775639	1.257143
6910	57674	4536	3845	0.046142	0.272222
6928	577	4536	3845	0.869471	1.687500
7063	5925	4536	3845	0.753331	1.260606
7215	6261	4536	3845	0.324276	0.628079
7216	6262	4536	3845	0.327042	0.712121
7430	64478	4536	3845	0.957389	2.242308
7664	667	4536	3845	0.441767	0.747126
7681	6708	4536	3845	0.685616	1.115789
7693	673	4536	3845	0.228189	0.538793
7703	675	4536	3845	0.685616	1.115789
7789	6934	4536	3845	0.775872	1.325000
7885	7157	4536	3845	0.441082	0.860963
7935	7273	4536	3845	0.693657	1.125882
8004	7399	4536	3845	0.546255	0.910714
8016	7428	4536	3845	0.239654	0.600000
8289	79633	4536	3845	0.664584	1.083333
8352	79776	4536	3845	0.775872	1.325000
8865	84033	4536	3845	0.326501	0.657895
9302	8701	4536	3845	0.326501	0.657895
9818	94025	4536	3845	0.701763	1.151709
10199	999	4536	3845	0.441767	0.747126
115	10178	4844	4089	0.995218	3.759259
690	114788	4844	4089	0.871037	1.578947
854	120114	4844	4089	0.289945	0.358333
1240	138474	4844	4089	0.994711	4.015038
1479	1499	4844	4089	0.999293	4.837500
1908	1767	4844	4089	0.469884	0.671937
2603	2312	4844	4089	0.310598	0.509317
2759	23345	4844	4089	0.675691	1.083333
4045	324	4844	4089	0.835089	1.642857
4108	338	4844	4089	0.469884	0.671937
4522	3815	4844	4089	0.921955	1.931818
4536	3845	4844	4089	0.407723	0.814480
4994	440279	4844	4089	0.594595	0.840580
5120	472	4844	4089	0.920109	1.807190
5143	4763	4844	4089	0.700147	1.115646
5209	4893	4844	4089	0.594595	0.840580
5717	5290	4844	4089	0.520042	0.898467
5747	53353	4844	4089	0.625320	0.954545
5946	54768	4844	4089	0.734267	1.172727
6198	55294	4844	4089	0.495169	0.840909
6609	56776	4844	4089	0.868907	1.638095
6747	5727	4844	4089	0.999252	5.833333
6748	5728	4844	4089	0.998043	3.507692
6910	57674	4844	4089	0.785695	1.318182
6928	577	4844	4089	0.833469	1.500000
7063	5925	4844	4089	0.959905	2.416667
7215	6261	4844	4089	0.983128	3.178571
7216	6262	4844	4089	0.365229	0.633690
7430	64478	4844	4089	0.570099	0.870629
7664	667	4844	4089	0.951564	2.421769
7681	6708	4844	4089	0.833469	1.500000
7693	673	4844	4089	0.901406	1.841270
7703	675	4844	4089	0.594595	0.840580
7789	6934	4844	4089	0.241754	0.321970
7885	7157	4844	4089	0.671509	1.115023
7935	7273	4844	4089	0.934211	1.781818
8004	7399	4844	4089	0.868907	1.638095
8016	7428	4844	4089	0.998577	4.549020
8289	79633	4844	4089	0.200276	0.291667
8352	79776	4844	4089	0.530896	0.747826
8865	84033	4844	4089	0.868907	1.638095
9302	8701	4844	4089	0.680411	1.053719
9818	94025	4844	4089	0.365229	0.633690
10199	999	4844	4089	0.951564	2.421769
115	10178	4994	440279	0.993844	4.666667
690	114788	4994	440279	0.999959	11.083333
854	120114	4994	440279	0.999179	8.408163
1240	138474	4994	440279	0.997914	6.412698
1479	1499	4994	440279	0.763290	1.215686
1908	1767	4994	440279	0.997914	6.412698
2603	2312	4994	440279	0.961398	2.798077
2759	23345	4994	440279	0.999938	10.281250
4108	338	4994	440279	0.997914	6.412698
4522	3815	4994	440279	0.839105	1.523810
4536	3845	4994	440279	0.869471	1.687500
4844	4089	4994	440279	0.594595	0.840580
5120	472	4994	440279	0.998971	6.133333
5143	4763	4994	440279	0.998611	6.217949
5209	4893	4994	440279	0.737980	1.000000
5717	5290	4994	440279	0.934098	2.123656
5747	53353	4994	440279	0.995564	5.142857
5946	54768	4994	440279	0.997914	6.412698
6198	55294	4994	440279	0.984903	3.333333
6609	56776	4994	440279	0.627978	0.746154
6747	5727	4994	440279	0.903443	2.000000
6748	5728	4994	440279	0.963076	2.561728
6910	57674	4994	440279	0.701248	0.900000
6928	577	4994	440279	0.999179	8.408163
7063	5925	4994	440279	0.627978	0.746154
7215	6261	4994	440279	0.921640	2.222222
7216	6262	4994	440279	0.981941	3.357143
7430	64478	4994	440279	0.961398	2.798077
7664	667	4994	440279	0.990954	4.781250
7681	6708	4994	440279	0.938006	2.493827
7693	673	4994	440279	0.903443	2.000000
7703	675	4994	440279	0.990954	4.781250
7789	6934	4994	440279	0.701248	0.900000
7885	7157	4994	440279	0.828514	1.611111
7935	7273	4994	440279	0.989460	3.710145
8004	7399	4994	440279	0.999736	9.351852
8016	7428	4994	440279	0.952081	2.571429
8289	79633	4994	440279	0.982299	3.750000
8352	79776	4994	440279	0.998656	7.285714
8865	84033	4994	440279	0.976458	3.375000
9302	8701	4994	440279	0.999736	9.351852
9818	94025	4994	440279	0.999735	8.228571
10199	999	4994	440279	0.938006	2.493827
115	10178	5120	472	0.999472	5.562500
690	114788	5120	472	0.999629	5.059524
854	120114	5120	472	0.992177	3.991228
1240	138474	5120	472	0.995982	4.285714
1479	1499	5120	472	0.986591	2.916667
1908	1767	5120	472	0.995982	4.285714
2603	2312	5120	472	0.817178	1.416667
2759	23345	5120	472	0.985611	2.733333
4045	324	5120	472	0.815285	1.552941
4108	338	5120	472	0.978362	2.927632
4522	3815	5120	472	0.999472	5.562500
4536	3845	5120	472	0.967253	2.127660
4844	4089	5120	472	0.920109	1.807190
4994	440279	5120	472	0.998971	6.133333
5143	4763	5120	472	0.999998	10.879121
5209	4893	5120	472	0.623260	0.888889
5717	5290	5120	472	0.983148	2.436923
5747	53353	5120	472	0.658375	1.011905
5946	54768	5120	472	0.995982	4.285714
6198	55294	5120	472	0.999883	5.466667
6609	56776	5120	472	0.444621	0.643939
6747	5727	5120	472	0.999468	6.245098
6748	5728	5120	472	0.999793	4.851675
6910	57674	5120	472	0.997859	5.055556
6928	577	5120	472	0.852365	1.589286
7063	5925	5120	472	0.887106	1.740000
7215	6261	5120	472	0.939841	2.225000
7216	6262	5120	472	0.980650	2.660633
7430	64478	5120	472	0.935357	2.057416
7664	667	5120	472	0.959280	2.571429
7681	6708	5120	472	0.998971	6.133333
7693	673	5120	472	0.978362	2.927632
7703	675	5120	472	0.992177	3.991228
7789	6934	5120	472	0.808626	1.396825
7885	7157	5120	472	0.623284	1.041667
7935	7273	5120	472	0.996112	3.105263
8004	7399	5120	472	0.998919	5.294118
8016	7428	5120	472	0.994262	3.582353
8289	79633	5120	472	0.761009	1.242857
8352	79776	5120	472	0.997859	5.055556
8865	84033	5120	472	0.999991	11.040000
9302	8701	5120	472	0.998919	5.294118
9818	94025	5120	472	0.995503	3.541667
10199	999	5120	472	0.998971	6.133333
115	10178	5143	4763	0.937437	2.166667
690	114788	5143	4763	0.995328	3.733333
854	120114	5143	4763	0.998611	6.217949
1240	138474	5143	4763	0.995747	4.567308
1479	1499	5143	4763	0.998556	4.825758
1908	1767	5143	4763	0.974987	2.984127
2603	2312	5143	4763	0.999680	6.646465
2759	23345	5143	4763	0.998836	4.693333
4108	338	5143	4763	0.999495	6.857143
4522	3815	5143	4763	0.985206	3.216783
4536	3845	5143	4763	0.861928	1.541209
4844	4089	5143	4763	0.700147	1.115646
4994	440279	5143	4763	0.998611	6.217949
5120	472	5143	4763	0.999998	10.879121
5209	4893	5143	4763	0.789569	1.305556
5717	5290	5143	4763	0.999505	4.902857
5747	53353	5143	4763	0.839340	1.516667
5946	54768	5143	4763	0.995747	4.567308
6198	55294	5143	4763	0.979520	2.640909
6609	56776	5143	4763	0.869480	1.672727
6747	5727	5143	4763	0.995747	4.567308
6748	5728	5143	4763	0.999988	8.300000
6910	57674	5143	4763	0.920806	2.088889
6928	577	5143	4763	0.789569	1.305556
7063	5925	5143	4763	0.869480	1.672727
7215	6261	5143	4763	0.982971	3.392857
7216	6262	5143	4763	0.988147	3.178571
7430	64478	5143	4763	0.985206	3.216783
7664	667	5143	4763	0.989015	3.918367
7681	6708	5143	4763	0.941528	2.375000
7693	673	5143	4763	0.974987	2.984127
7703	675	5143	4763	0.999884	9.800000
7789	6934	5143	4763	0.920806	2.088889
7885	7157	5143	4763	0.896153	1.866667
7935	7273	5143	4763	0.999636	5.512500
8004	7399	5143	4763	1.000000	19.600000
8016	7428	5143	4763	0.999447	5.918182
8289	79633	5143	4763	0.700552	1.045455
8352	79776	5143	4763	0.982971	3.392857
8865	84033	5143	4763	0.999994	12.933333
9302	8701	5143	4763	0.999079	5.937500
9818	94025	5143	4763	0.852848	1.553571
10199	999	5143	4763	0.998611	6.217949
115	10178	5209	4893	0.556664	0.633333
690	114788	5209	4893	0.886871	1.796053
854	120114	5209	4893	0.737980	1.000000
1240	138474	5209	4893	0.903443	2.000000
1479	1499	5209	4893	0.998052	5.714286
1908	1767	5209	4893	0.903443	2.000000
2603	2312	5209	4893	0.961398	2.798077
2759	23345	5209	4893	0.966133	2.736842
4108	338	5209	4893	0.903443	2.000000
4522	3815	5209	4893	0.839105	1.523810
4536	3845	5209	4893	0.218940	0.493947
4844	4089	5209	4893	0.594595	0.840580
4994	440279	5209	4893	0.737980	1.000000
5120	472	5209	4893	0.623260	0.888889
5143	4763	5209	4893	0.789569	1.305556
5717	5290	5209	4893	0.577235	0.875000
5747	53353	5209	4893	0.591969	0.685714
5946	54768	5209	4893	0.903443	2.000000
6198	55294	5209	4893	0.933419	2.161491
6609	56776	5209	4893	0.627978	0.746154
6747	5727	5209	4893	0.997914	6.412698
6748	5728	5209	4893	0.992537	3.876923
6910	57674	5209	4893	0.701248	0.900000
6928	577	5209	4893	0.333928	0.000000
7063	5925	5209	4893	0.627978	0.746154
7215	6261	5209	4893	0.998656	7.285714
7216	6262	5209	4893	0.916672	2.051471
7430	64478	5209	4893	0.839105	1.523810
7664	667	5209	4893	0.990954	4.781250
7681	6708	5209	4893	0.333928	0.000000
7693	673	5209	4893	0.903443	2.000000
7703	675	5209	4893	0.737980	1.000000
7789	6934	5209	4893	0.300535	0.000000
7885	7157	5209	4893	0.571293	0.910569
7935	7273	5209	4893	0.844101	1.550000
8004	7399	5209	4893	0.627978	0.746154
8016	7428	5209	4893	0.814895	1.407407
8289	79633	5209	4893	0.982299	3.750000
8352	79776	5209	4893	0.921640	2.222222
8865	84033	5209	4893	0.976458	3.375000
9302	8701	5209	4893	0.976458	3.375000
9818	94025	5209	4893	0.425448	0.478947
10199	999	5209	4893	0.999179	8.408163
115	10178	5717	5290	0.942568	2.038314
690	114788	5717	5290	0.843324	1.448980
854	120114	5717	5290	0.804959	1.392857
1240	138474	5717	5290	0.852486	1.552419
1479	1499	5717	5290	0.979642	2.500000
1908	1767	5717	5290	0.852486	1.552419
2603	2312	5717	5290	0.942568	2.038314
2759	23345	5717	5290	0.965420	2.130178
4045	324	5717	5290	0.649119	1.066667
4108	338	5717	5290	0.987664	3.178161
4522	3815	5717	5290	0.999372	5.064103
4536	3845	5717	5290	0.617763	1.041444
4844	4089	5717	5290	0.520042	0.898467
4994	440279	5717	5290	0.934098	2.123656
5120	472	5717	5290	0.983148	2.436923
5143	4763	5717	5290	0.999505	4.902857
5209	4893	5717	5290	0.577235	0.875000
5747	53353	5717	5290	0.521553	0.840909
5946	54768	5717	5290	0.192769	0.395722
6198	55294	5717	5290	0.994552	2.866460
6609	56776	5717	5290	0.999236	5.333333
6747	5727	5717	5290	0.950459	2.228571
6748	5728	5717	5290	0.999960	5.071429
6910	57674	5717	5290	0.738712	1.203125
6928	577	5717	5290	0.934098	2.123656
7063	5925	5717	5290	0.799418	1.362007
7215	6261	5717	5290	0.897705	1.797235
7216	6262	5717	5290	0.990909	2.884615
7430	64478	5717	5290	0.942568	2.038314
7664	667	5717	5290	0.804959	1.392857
7681	6708	5717	5290	0.804959	1.392857
7693	673	5717	5290	0.950459	2.228571
7703	675	5717	5290	0.804959	1.392857
7789	6934	5717	5290	0.738712	1.203125
7885	7157	5717	5290	0.987284	2.732203
7935	7273	5717	5290	0.998558	3.081886
8004	7399	5717	5290	0.977673	2.689655
8016	7428	5717	5290	0.916034	1.810345
8289	79633	5717	5290	0.667603	1.055556
8352	79776	5717	5290	0.897705	1.797235
8865	84033	5717	5290	0.977673	2.689655
9302	8701	5717	5290	0.923244	1.925000
9818	94025	5717	5290	0.911469	1.738095
10199	999	5717	5290	0.997378	4.887931
115	10178	5747	53353	0.971560	2.848485
690	114788	5747	53353	0.893705	1.777778
854	120114	5747	53353	0.995564	5.142857
1240	138474	5747	53353	0.998638	6.125000
1479	1499	5747	53353	0.812419	1.406250
1908	1767	5747	53353	0.943730	2.400000
2603	2312	5747	53353	0.887587	1.788462
2759	23345	5747	53353	0.998569	4.921875
4045	324	5747	53353	0.860356	1.956989
4108	338	5747	53353	0.998638	6.125000
4522	3815	5747	53353	0.887587	1.788462
4536	3845	5747	53353	0.431243	0.781250
4844	4089	5747	53353	0.625320	0.954545
4994	440279	5747	53353	0.995564	5.142857
5120	472	5747	53353	0.658375	1.011905
5143	4763	5747	53353	0.839340	1.516667
5209	4893	5747	53353	0.591969	0.685714
5717	5290	5747	53353	0.521553	0.840909
5946	54768	5747	53353	0.796034	1.328671
6198	55294	5747	53353	0.558819	0.854167
6609	56776	5747	53353	0.454968	0.510989
6747	5727	5747	53353	0.943730	2.400000
6748	5728	5747	53353	0.832311	1.462963
6910	57674	5747	53353	0.957785	2.694444
6928	577	5747	53353	0.862035	1.658120
7063	5925	5747	53353	0.760229	1.205128
7215	6261	5747	53353	0.957785	2.694444
7216	6262	5747	53353	0.783897	1.308824
7430	64478	5747	53353	0.887587	1.788462
7664	667	5747	53353	0.969510	3.062500
7681	6708	5747	53353	0.862035	1.658120
7693	673	5747	53353	0.796034	1.328671
7703	675	5747	53353	0.969510	3.062500
7789	6934	5747	53353	0.544340	0.616883
7885	7157	5747	53353	0.570118	0.939873
7935	7273	5747	53353	0.940075	2.033333
8004	7399	5747	53353	0.984757	3.490909
8016	7428	5747	53353	0.864456	1.642857
8289	79633	5747	53353	0.989409	3.919192
8352	79776	5747	53353	0.992959	4.454545
8865	84033	5747	53353	0.760229	1.205128
9302	8701	5747	53353	0.927319	2.159091
9818	94025	5747	53353	0.783897	1.308824
10199	999	5747	53353	0.969510	3.062500
115	10178	5946	54768	0.929797	2.192308
690	114788	5946	54768	0.986480	3.345588
854	120114	5946	54768	0.903443	2.000000
1240	138474	5946	54768	0.966361	2.940000
1479	1499	5946	54768	0.877680	1.725000
1908	1767	5946	54768	0.853503	1.603306
2603	2312	5946	54768	0.929797	2.192308
2759	23345	5946	54768	0.786802	1.320000
4045	324	5946	54768	0.815406	1.642105
4108	338	5946	54768	0.994861	4.888889
4522	3815	5946	54768	0.929797	2.192308
4536	3845	5946	54768	0.664584	1.083333
4844	4089	5946	54768	0.734267	1.172727
4994	440279	5946	54768	0.997914	6.412698
5120	472	5946	54768	0.995982	4.285714
5143	4763	5946	54768	0.995747	4.567308
5209	4893	5946	54768	0.903443	2.000000
5717	5290	5946	54768	0.192769	0.395722
5747	53353	5946	54768	0.796034	1.328671
6198	55294	5946	54768	0.991232	3.551020
6609	56776	5946	54768	0.825573	1.454545
6747	5727	5946	54768	0.966361	2.940000
6748	5728	5946	54768	0.974841	2.703297
6910	57674	5946	54768	0.879547	1.781818
6928	577	5946	54768	0.903443	2.000000
7063	5925	5946	54768	0.955911	2.645455
7215	6261	5946	54768	0.879547	1.781818
7216	6262	5946	54768	0.960166	2.555556
7430	64478	5946	54768	0.997942	5.511364
7664	667	5946	54768	0.982299	3.750000
7681	6708	5946	54768	0.997914	6.412698
7693	673	5946	54768	0.994861	4.888889
7703	675	5946	54768	0.997914	6.412698
7789	6934	5946	54768	0.621473	0.734848
7885	7157	5946	54768	0.211075	0.507317
7935	7273	5946	54768	0.985915	3.150000
8004	7399	5946	54768	0.999135	6.875000
8016	7428	5946	54768	0.733248	1.127273
8289	79633	5946	54768	0.966361	2.940000
8352	79776	5946	54768	0.999702	9.017857
8865	84033	5946	54768	0.992486	4.355556
9302	8701	5946	54768	0.992486	4.355556
9818	94025	5946	54768	0.998890	5.755102
10199	999	5946	54768	0.664485	0.816667
115	10178	6198	55294	0.965134	2.400000
690	114788	6198	55294	0.993378	3.115385
854	120114	6198	55294	0.984903	3.333333
1240	138474	6198	55294	0.678545	1.050000
1479	1499	6198	55294	0.992343	3.177033
1908	1767	6198	55294	0.998600	5.133333
2603	2312	6198	55294	0.965134	2.400000
2759	23345	6198	55294	0.990051	2.857143
4045	324	6198	55294	0.648119	1.060241
4108	338	6198	55294	0.998600	5.133333
4522	3815	6198	55294	0.999786	6.214286
4536	3845	6198	55294	0.247930	0.674510
4844	4089	6198	55294	0.495169	0.840909
4994	440279	6198	55294	0.984903	3.333333
5120	472	6198	55294	0.999883	5.466667
5143	4763	6198	55294	0.979520	2.640909
5209	4893	6198	55294	0.933419	2.161491
5717	5290	6198	55294	0.994552	2.866460
5747	53353	6198	55294	0.558819	0.854167
5946	54768	6198	55294	0.991232	3.551020
6609	56776	6198	55294	0.941701	2.146465
6747	5727	6198	55294	0.991232	3.551020
6748	5728	6198	55294	0.994919	2.960000
6910	57674	6198	55294	0.974606	2.824675
6928	577	6198	55294	0.537699	0.755556
7063	5925	6198	55294	0.985228	3.071429
7215	6261	6198	55294	0.737078	1.180556
7216	6262	6198	55294	0.736240	1.196970
7430	64478	6198	55294	0.890324	1.714876
7664	667	6198	55294	0.792719	1.343750
7681	6708	6198	55294	0.984903	3.333333
7693	673	6198	55294	0.868778	1.642512
7703	675	6198	55294	0.933419	2.161491
7789	6934	6198	55294	0.737078	1.180556
7885	7157	6198	55294	0.756764	1.268116
7935	7273	6198	55294	0.997751	3.222222
8004	7399	6198	55294	0.828265	1.460870
8016	7428	6198	55294	0.857679	1.553030
8289	79633	6198	55294	0.868778	1.642512
8352	79776	6198	55294	0.737078	1.180556
8865	84033	6198	55294	0.997236	4.350000
9302	8701	6198	55294	0.828265	1.460870
9818	94025	6198	55294	0.997385	3.772727
10199	999	6198	55294	0.997629	5.085714
115	10178	6609	56776	0.996678	4.848485
690	114788	6609	56776	0.512055	0.725000
854	120114	6609	56776	0.242685	0.000000
1240	138474	6609	56776	0.538238	0.608974
1479	1499	6609	56776	0.999855	7.916667
1908	1767	6609	56776	0.825573	1.454545
2603	2312	6609	56776	0.416296	0.471795
2759	23345	6609	56776	0.477865	0.682540
4045	324	6609	56776	0.839335	1.797872
4108	338	6609	56776	0.538238	0.608974
4522	3815	6609	56776	0.979338	3.166667
4536	3845	6609	56776	0.002577	0.125683
4844	4089	6609	56776	0.868907	1.638095
4994	440279	6609	56776	0.627978	0.746154
5120	472	6609	56776	0.444621	0.643939
5143	4763	6609	56776	0.869480	1.672727
5209	4893	6609	56776	0.627978	0.746154
5717	5290	6609	56776	0.999236	5.333333
5747	53353	6609	56776	0.454968	0.510989
5946	54768	6609	56776	0.825573	1.454545
6198	55294	6609	56776	0.941701	2.146465
6747	5727	6609	56776	0.955911	2.645455
6748	5728	6609	56776	0.998233	4.611111
6910	57674	6609	56776	0.582443	0.671329
6928	577	6609	56776	0.242685	0.000000
7063	5925	6609	56776	0.942636	2.380165
7215	6261	6609	56776	0.855651	1.616667
7216	6262	6609	56776	0.821926	1.443850
7430	64478	6609	56776	0.725671	1.107143
7664	667	6609	56776	0.242685	0.000000
7681	6708	6609	56776	0.883530	1.814815
7693	673	6609	56776	0.538238	0.608974
7703	675	6609	56776	0.627978	0.746154
7789	6934	6609	56776	0.967165	2.969697
7885	7157	6609	56776	0.920762	2.230769
7935	7273	6609	56776	0.968608	2.480000
8004	7399	6609	56776	0.989099	3.880000
8016	7428	6609	56776	0.690314	1.022222
8289	79633	6609	56776	0.538238	0.608974
8352	79776	6609	56776	0.855651	1.616667
8865	84033	6609	56776	0.942636	2.380165
9302	8701	6609	56776	0.495670	0.556213
9818	94025	6609	56776	0.283377	0.356275
10199	999	6609	56776	0.883530	1.814815
115	10178	6747	5727	0.997942	5.511364
690	114788	6747	5727	0.811498	1.405263
854	120114	6747	5727	0.664485	0.816667
1240	138474	6747	5727	0.999477	7.812500
1479	1499	6747	5727	0.994134	4.196429
1908	1767	6747	5727	0.966361	2.940000
2603	2312	6747	5727	0.985531	3.555556
2759	23345	6747	5727	0.996999	4.588235
4108	338	6747	5727	0.994861	4.888889
4522	3815	6747	5727	0.985531	3.555556
4536	3845	6747	5727	0.664584	1.083333
4844	4089	6747	5727	0.999252	5.833333
4994	440279	6747	5727	0.903443	2.000000
5120	472	6747	5727	0.999468	6.245098
5143	4763	6747	5727	0.995747	4.567308
5209	4893	6747	5727	0.997914	6.412698
5717	5290	6747	5727	0.950459	2.228571
5747	53353	6747	5727	0.943730	2.400000
5946	54768	6747	5727	0.966361	2.940000
6198	55294	6747	5727	0.991232	3.551020
6609	56776	6747	5727	0.955911	2.645455
6748	5728	6747	5727	0.999995	13.030303
6910	57674	6747	5727	0.879547	1.781818
6928	577	6747	5727	0.903443	2.000000
7063	5925	6747	5727	0.992486	4.355556
7215	6261	6747	5727	0.996636	5.555556
7216	6262	6747	5727	0.992096	3.875000
7430	64478	6747	5727	0.929797	2.192308
7664	667	6747	5727	0.982299	3.750000
7681	6708	6747	5727	0.903443	2.000000
7693	673	6747	5727	0.966361	2.940000
7703	675	6747	5727	0.903443	2.000000
7789	6934	6747	5727	0.621473	0.734848
7885	7157	6747	5727	0.699577	1.166667
7935	7273	6747	5727	0.944377	2.156522
8004	7399	6747	5727	0.992486	4.355556
8016	7428	6747	5727	0.996996	5.000000
8289	79633	6747	5727	0.853503	1.603306
8352	79776	6747	5727	0.975130	3.300000
8865	84033	6747	5727	0.992486	4.355556
9302	8701	6747	5727	0.825573	1.454545
9818	94025	6747	5727	0.992096	3.875000
10199	999	6747	5727	0.999843	10.625000
115	10178	6748	5728	0.998786	4.583851
690	114788	6748	5728	0.921116	1.785714
854	120114	6748	5728	0.871421	1.673469
1240	138474	6748	5728	0.999920	8.315217
1479	1499	6748	5728	1.000000	13.066667
1908	1767	6748	5728	0.533351	0.817241
2603	2312	6748	5728	0.912816	1.823077
2759	23345	6748	5728	0.960351	2.096273
4045	324	6748	5728	0.930482	2.337662
4108	338	6748	5728	0.999222	5.600000
4522	3815	6748	5728	0.999834	6.287879
4536	3845	6748	5728	0.775639	1.257143
4844	4089	6748	5728	0.998043	3.507692
4994	440279	6748	5728	0.963076	2.561728
5120	472	6748	5728	0.999793	4.851675
5143	4763	6748	5728	0.999988	8.300000
5209	4893	6748	5728	0.992537	3.876923
5717	5290	6748	5728	0.999960	5.071429
5747	53353	6748	5728	0.832311	1.462963
5946	54768	6748	5728	0.974841	2.703297
6198	55294	6748	5728	0.994919	2.960000
6609	56776	6748	5728	0.998233	4.611111
6747	5727	6748	5728	0.999995	13.030303
6910	57674	6748	5728	0.822022	1.446429
6928	577	6748	5728	0.677355	1.047414
7063	5925	6748	5728	0.999771	6.573913
7215	6261	6748	5728	0.985574	3.192308
7216	6262	6748	5728	0.987854	2.774704
7430	64478	6748	5728	0.912816	1.823077
7664	667	6748	5728	0.998974	5.950000
7681	6708	6748	5728	0.871421	1.673469
7693	673	6748	5728	0.999222	5.600000
7703	675	6748	5728	0.871421	1.673469
7789	6934	6748	5728	0.605021	0.919540
7885	7157	6748	5728	0.786490	1.318681
7935	7273	6748	5728	0.984723	2.254945
8004	7399	6748	5728	0.999771	6.573913
8016	7428	6748	5728	0.999953	7.246032
8289	79633	6748	5728	0.276327	0.472727
8352	79776	6748	5728	0.822022	1.446429
8865	84033	6748	5728	0.990159	3.280000
9302	8701	6748	5728	0.998233	4.611111
9818	94025	6748	5728	0.958833	2.138889
10199	999	6748	5728	0.999909	9.555556
115	10178	6910	57674	0.998799	6.363636
690	114788	6910	57674	0.991704	3.865546
854	120114	6910	57674	0.999912	12.261905
1240	138474	6910	57674	0.975130	3.300000
1479	1499	6910	57674	0.996491	4.846939
1908	1767	6910	57674	0.996636	5.555556
2603	2312	6910	57674	0.803158	1.357143
2759	23345	6910	57674	0.592366	0.838095
4045	324	6910	57674	0.788202	1.489583
4108	338	6910	57674	0.879547	1.781818
4522	3815	6910	57674	0.946946	2.461538
4536	3845	6910	57674	0.046142	0.272222
4844	4089	6910	57674	0.785695	1.318182
4994	440279	6910	57674	0.701248	0.900000
5120	472	6910	57674	0.997859	5.055556
5143	4763	6910	57674	0.920806	2.088889
5209	4893	6910	57674	0.701248	0.900000
5717	5290	6910	57674	0.738712	1.203125
5747	53353	6910	57674	0.957785	2.694444
5946	54768	6910	57674	0.879547	1.781818
6198	55294	6910	57674	0.974606	2.824675
6609	56776	6910	57674	0.582443	0.671329
6747	5727	6910	57674	0.879547	1.781818
6748	5728	6910	57674	0.822022	1.446429
6928	577	6910	57674	0.701248	0.900000
7063	5925	6910	57674	0.967165	2.969697
7215	6261	6910	57674	0.981747	3.703704
7216	6262	6910	57674	0.888784	1.803922
7430	64478	6910	57674	0.803158	1.357143
7664	667	6910	57674	0.998656	7.285714
7681	6708	6910	57674	0.987103	4.208333
7693	673	6910	57674	0.975130	3.300000
7703	675	6910	57674	0.987103	4.208333
7789	6934	6910	57674	0.661177	0.809917
7885	7157	6910	57674	0.367854	0.658537
7935	7273	6910	57674	0.904993	1.846809
8004	7399	6910	57674	0.855651	1.616667
8016	7428	6910	57674	0.998233	5.773810
8289	79633	6910	57674	0.879547	1.781818
8352	79776	6910	57674	0.901605	1.980000
8865	84033	6910	57674	0.999504	7.936508
9302	8701	6910	57674	0.855651	1.616667
9818	94025	6910	57674	0.888784	1.803922
10199	999	6910	57674	0.701248	0.900000
115	10178	6928	577	0.839105	1.523810
690	114788	6928	577	0.886871	1.796053
854	120114	6928	577	0.737980	1.000000
1240	138474	6928	577	0.982299	3.750000
1479	1499	6928	577	0.456526	0.511111
1908	1767	6928	577	0.903443	2.000000
2603	2312	6928	577	0.839105	1.523810
2759	23345	6928	577	0.999245	6.564706
4045	324	6928	577	0.757315	1.340206
4108	338	6928	577	0.997914	6.412698
4522	3815	6928	577	0.839105	1.523810
4536	3845	6928	577	0.869471	1.687500
4844	4089	6928	577	0.833469	1.500000
4994	440279	6928	577	0.999179	8.408163
5120	472	6928	577	0.852365	1.589286
5143	4763	6928	577	0.789569	1.305556
5209	4893	6928	577	0.333928	0.000000
5717	5290	6928	577	0.934098	2.123656
5747	53353	6928	577	0.862035	1.658120
5946	54768	6928	577	0.903443	2.000000
6198	55294	6928	577	0.537699	0.755556
6609	56776	6928	577	0.242685	0.000000
6747	5727	6928	577	0.903443	2.000000
6748	5728	6928	577	0.677355	1.047414
6910	57674	6928	577	0.701248	0.900000
7063	5925	6928	577	0.976458	3.375000
7215	6261	6928	577	0.987103	4.208333
7216	6262	6928	577	0.736222	1.135802
7430	64478	6928	577	0.961398	2.798077
7664	667	6928	577	0.938006	2.493827
7681	6708	6928	577	0.938006	2.493827
7693	673	6928	577	0.664485	0.816667
7703	675	6928	577	0.938006	2.493827
7789	6934	6928	577	0.701248	0.900000
7885	7157	6928	577	0.828514	1.611111
7935	7273	6928	577	0.844101	1.550000
8004	7399	6928	577	0.883530	1.814815
8016	7428	6928	577	0.814895	1.407407
8289	79633	6928	577	0.903443	2.000000
8352	79776	6928	577	0.987103	4.208333
8865	84033	6928	577	0.976458	3.375000
9302	8701	6928	577	0.883530	1.814815
9818	94025	6928	577	0.916672	2.051471
10199	999	6928	577	0.938006	2.493827
115	10178	7063	5925	0.909980	1.972028
690	114788	7063	5925	0.979248	2.941176
854	120114	7063	5925	0.883530	1.814815
1240	138474	7063	5925	0.955911	2.645455
1479	1499	7063	5925	0.955584	2.453333
1908	1767	7063	5925	0.825573	1.454545
2603	2312	7063	5925	0.725671	1.107143
2759	23345	7063	5925	0.973774	2.746914
4108	338	7063	5925	0.999135	6.875000
4522	3815	7063	5925	0.996678	4.848485
4536	3845	7063	5925	0.753331	1.260606
4844	4089	7063	5925	0.959905	2.416667
4994	440279	7063	5925	0.627978	0.746154
5120	472	7063	5925	0.887106	1.740000
5143	4763	7063	5925	0.869480	1.672727
5209	4893	7063	5925	0.627978	0.746154
5717	5290	7063	5925	0.799418	1.362007
5747	53353	7063	5925	0.760229	1.205128
5946	54768	7063	5925	0.955911	2.645455
6198	55294	7063	5925	0.985228	3.071429
6609	56776	7063	5925	0.942636	2.380165
6747	5727	7063	5925	0.992486	4.355556
6748	5728	7063	5925	0.999771	6.573913
6910	57674	7063	5925	0.967165	2.969697
6928	577	7063	5925	0.976458	3.375000
7215	6261	7063	5925	0.967165	2.969697
7216	6262	7063	5925	0.821926	1.443850
7430	64478	7063	5925	0.725671	1.107143
7664	667	7063	5925	0.976458	3.375000
7681	6708	7063	5925	0.883530	1.814815
7693	673	7063	5925	0.825573	1.454545
7703	675	7063	5925	0.627978	0.746154
7789	6934	7063	5925	0.855651	1.616667
7885	7157	7063	5925	0.752515	1.299578
7935	7273	7063	5925	0.968608	2.480000
8004	7399	7063	5925	0.942636	2.380165
8016	7428	7063	5925	0.999948	9.700000
8289	79633	7063	5925	0.825573	1.454545
8352	79776	7063	5925	0.582443	0.671329
8865	84033	7063	5925	0.942636	2.380165
9302	8701	7063	5925	0.495670	0.556213
9818	94025	7063	5925	0.821926	1.443850
10199	999	7063	5925	0.242685	0.000000
115	10178	7215	6261	0.946946	2.461538
690	114788	7215	6261	0.991704	3.865546
854	120114	7215	6261	0.987103	4.208333
1240	138474	7215	6261	0.996636	5.555556
1479	1499	7215	6261	0.978143	3.133333
1908	1767	7215	6261	0.996636	5.555556
2603	2312	7215	6261	0.507366	0.569697
2759	23345	7215	6261	0.998415	5.411765
4108	338	7215	6261	0.879547	1.781818
4522	3815	7215	6261	0.990304	4.041667
4536	3845	7215	6261	0.324276	0.628079
4844	4089	7215	6261	0.983128	3.178571
4994	440279	7215	6261	0.921640	2.222222
5120	472	7215	6261	0.939841	2.225000
5143	4763	7215	6261	0.982971	3.392857
5209	4893	7215	6261	0.998656	7.285714
5717	5290	7215	6261	0.897705	1.797235
5747	53353	7215	6261	0.957785	2.694444
5946	54768	7215	6261	0.879547	1.781818
6198	55294	7215	6261	0.737078	1.180556
6609	56776	7215	6261	0.855651	1.616667
6747	5727	7215	6261	0.996636	5.555556
6748	5728	7215	6261	0.985574	3.192308
6910	57674	7215	6261	0.981747	3.703704
6928	577	7215	6261	0.987103	4.208333
7063	5925	7215	6261	0.967165	2.969697
7216	6262	7215	6261	0.888784	1.803922
7430	64478	7215	6261	0.946946	2.461538
7664	667	7215	6261	0.998656	7.285714
7681	6708	7215	6261	0.701248	0.900000
7693	673	7215	6261	0.879547	1.781818
7703	675	7215	6261	0.921640	2.222222
7789	6934	7215	6261	0.661177	0.809917
7885	7157	7215	6261	0.367854	0.658537
7935	7273	7215	6261	0.904993	1.846809
8004	7399	7215	6261	0.995043	4.950000
8016	7428	7215	6261	0.934621	2.261905
8289	79633	7215	6261	0.975130	3.300000
8352	79776	7215	6261	0.981747	3.703704
8865	84033	7215	6261	0.999504	7.936508
9302	8701	7215	6261	0.995043	4.950000
9818	94025	7215	6261	0.888784	1.803922
10199	999	7215	6261	0.987103	4.208333
115	10178	7216	6262	0.743537	1.194570
690	114788	7216	6262	0.989526	3.087179
854	120114	7216	6262	0.916672	2.051471
1240	138474	7216	6262	0.857059	1.605882
1479	1499	7216	6262	0.614321	0.937500
1908	1767	7216	6262	0.326119	0.390351
2603	2312	7216	6262	0.973860	2.727273
2759	23345	7216	6262	0.854963	1.537037
4108	338	7216	6262	0.633861	0.909091
4522	3815	7216	6262	0.211036	0.301754
4536	3845	7216	6262	0.327042	0.712121
4844	4089	7216	6262	0.365229	0.633690
4994	440279	7216	6262	0.981941	3.357143
5120	472	7216	6262	0.980650	2.660633
5143	4763	7216	6262	0.988147	3.178571
5209	4893	7216	6262	0.916672	2.051471
5717	5290	7216	6262	0.990909	2.884615
5747	53353	7216	6262	0.783897	1.308824
5946	54768	7216	6262	0.960166	2.555556
6198	55294	7216	6262	0.736240	1.196970
6609	56776	7216	6262	0.821926	1.443850
6747	5727	7216	6262	0.992096	3.875000
6748	5728	7216	6262	0.987854	2.774704
6910	57674	7216	6262	0.888784	1.803922
6928	577	7216	6262	0.736222	1.135802
7063	5925	7216	6262	0.821926	1.443850
7215	6261	7216	6262	0.888784	1.803922
7430	64478	7216	6262	0.994676	3.900000
7664	667	7216	6262	0.916672	2.051471
7681	6708	7216	6262	0.916672	2.051471
7693	673	7216	6262	0.992096	3.875000
7703	675	7216	6262	0.916672	2.051471
7789	6934	7216	6262	0.685368	1.011111
7885	7157	7216	6262	0.817017	1.459459
7935	7273	7216	6262	0.960624	2.107143
8004	7399	7216	6262	0.944891	2.275000
8016	7428	7216	6262	0.991900	3.506494
8289	79633	7216	6262	0.633861	0.909091
8352	79776	7216	6262	0.685368	1.011111
8865	84033	7216	6262	0.944891	2.275000
9302	8701	7216	6262	0.998009	4.982143
9818	94025	7216	6262	0.789934	1.328125
10199	999	7216	6262	0.916672	2.051471
115	10178	7430	64478	0.962053	2.583333
690	114788	7430	64478	0.989989	3.337500
854	120114	7430	64478	0.961398	2.798077
1240	138474	7430	64478	0.929797	2.192308
1479	1499	7430	64478	0.522487	0.739496
1908	1767	7430	64478	0.929797	2.192308
2603	2312	7430	64478	0.962053	2.583333
2759	23345	7430	64478	0.841799	1.508772
4045	324	7430	64478	0.878800	2.119565
4108	338	7430	64478	0.985531	3.555556
4522	3815	7430	64478	0.644214	0.928571
4536	3845	7430	64478	0.957389	2.242308
4844	4089	7430	64478	0.570099	0.870629
4994	440279	7430	64478	0.961398	2.798077
5120	472	7430	64478	0.935357	2.057416
5143	4763	7430	64478	0.985206	3.216783
5209	4893	7430	64478	0.839105	1.523810
5717	5290	7430	64478	0.942568	2.038314
5747	53353	7430	64478	0.887587	1.788462
5946	54768	7430	64478	0.997942	5.511364
6198	55294	7430	64478	0.890324	1.714876
6609	56776	7430	64478	0.725671	1.107143
6747	5727	7430	64478	0.929797	2.192308
6748	5728	7430	64478	0.912816	1.823077
6910	57674	7430	64478	0.803158	1.357143
6928	577	7430	64478	0.961398	2.798077
7063	5925	7430	64478	0.725671	1.107143
7215	6261	7430	64478	0.946946	2.461538
7216	6262	7430	64478	0.994676	3.900000
7664	667	7430	64478	0.961398	2.798077
7681	6708	7430	64478	0.999350	7.500000
7693	673	7430	64478	0.460493	0.516667
7703	675	7430	64478	0.999350	7.500000
7789	6934	7430	64478	0.803158	1.357143
7885	7157	7430	64478	0.630343	1.038462
7935	7273	7430	64478	0.898352	1.714286
8004	7399	7430	64478	0.979338	3.166667
8016	7428	7430	64478	0.603180	0.857143
8289	79633	7430	64478	0.985531	3.555556
8352	79776	7430	64478	0.998799	6.363636
8865	84033	7430	64478	0.996678	4.848485
9302	8701	7430	64478	0.979338	3.166667
9818	94025	7430	64478	0.994676	3.900000
10199	999	7430	64478	0.839105	1.523810
115	10178	7664	667	0.961398	2.798077
690	114788	7664	667	0.972164	2.920635
854	120114	7664	667	0.999179	8.408163
1240	138474	7664	667	0.982299	3.750000
1479	1499	7664	667	0.985788	3.619048
1908	1767	7664	667	0.982299	3.750000
2603	2312	7664	667	0.961398	2.798077
2759	23345	7664	667	0.870184	1.687500
4108	338	7664	667	0.903443	2.000000
4522	3815	7664	667	0.839105	1.523810
4536	3845	7664	667	0.441767	0.747126
4844	4089	7664	667	0.951564	2.421769
4994	440279	7664	667	0.990954	4.781250
5120	472	7664	667	0.959280	2.571429
5143	4763	7664	667	0.989015	3.918367
5209	4893	7664	667	0.990954	4.781250
5717	5290	7664	667	0.804959	1.392857
5747	53353	7664	667	0.969510	3.062500
5946	54768	7664	667	0.982299	3.750000
6198	55294	7664	667	0.792719	1.343750
6609	56776	7664	667	0.242685	0.000000
6747	5727	7664	667	0.982299	3.750000
6748	5728	7664	667	0.998974	5.950000
6910	57674	7664	667	0.998656	7.285714
6928	577	7664	667	0.938006	2.493827
7063	5925	7664	667	0.976458	3.375000
7215	6261	7664	667	0.998656	7.285714
7216	6262	7664	667	0.916672	2.051471
7430	64478	7664	667	0.961398	2.798077
7681	6708	7664	667	0.990954	4.781250
7693	673	7664	667	0.903443	2.000000
7703	675	7664	667	0.938006	2.493827
7789	6934	7664	667	0.300535	0.000000
7885	7157	7664	667	0.298387	0.569277
7935	7273	7664	667	0.998669	6.500000
8004	7399	7664	667	0.996902	5.714286
8016	7428	7664	667	0.991681	4.263736
8289	79633	7664	667	0.903443	2.000000
8352	79776	7664	667	0.987103	4.208333
8865	84033	7664	667	0.996902	5.714286
9302	8701	7664	667	0.999736	9.351852
9818	94025	7664	667	0.916672	2.051471
10199	999	7664	667	0.990954	4.781250
115	10178	7681	6708	0.999350	7.500000
690	114788	7681	6708	0.886871	1.796053
854	120114	7681	6708	0.938006	2.493827
1240	138474	7681	6708	0.664485	0.816667
1479	1499	7681	6708	0.929725	2.203125
1908	1767	7681	6708	0.982299	3.750000
2603	2312	7681	6708	0.961398	2.798077
2759	23345	7681	6708	0.651898	0.941799
4045	324	7681	6708	0.757315	1.340206
4108	338	7681	6708	0.664485	0.816667
4522	3815	7681	6708	0.839105	1.523810
4536	3845	7681	6708	0.685616	1.115789
4844	4089	7681	6708	0.833469	1.500000
4994	440279	7681	6708	0.938006	2.493827
5120	472	7681	6708	0.998971	6.133333
5143	4763	7681	6708	0.941528	2.375000
5209	4893	7681	6708	0.333928	0.000000
5717	5290	7681	6708	0.804959	1.392857
5747	53353	7681	6708	0.862035	1.658120
5946	54768	7681	6708	0.997914	6.412698
6198	55294	7681	6708	0.984903	3.333333
6609	56776	7681	6708	0.883530	1.814815
6747	5727	7681	6708	0.903443	2.000000
6748	5728	7681	6708	0.871421	1.673469
6910	57674	7681	6708	0.987103	4.208333
6928	577	7681	6708	0.938006	2.493827
7063	5925	7681	6708	0.883530	1.814815
7215	6261	7681	6708	0.701248	0.900000
7216	6262	7681	6708	0.916672	2.051471
7430	64478	7681	6708	0.999350	7.500000
7664	667	7681	6708	0.990954	4.781250
7693	673	7681	6708	0.903443	2.000000
7703	675	7681	6708	0.938006	2.493827
7789	6934	7681	6708	0.921640	2.222222
7885	7157	7681	6708	0.828514	1.611111
7935	7273	7681	6708	0.989460	3.710145
8004	7399	7681	6708	0.883530	1.814815
8016	7428	7681	6708	0.522233	0.587500
8289	79633	7681	6708	0.903443	2.000000
8352	79776	7681	6708	0.998656	7.285714
8865	84033	7681	6708	0.996902	5.714286
9302	8701	7681	6708	0.996902	5.714286
9818	94025	7681	6708	0.916672	2.051471
10199	999	7681	6708	0.737980	1.000000
115	10178	7693	673	0.765166	1.220779
690	114788	7693	673	0.567005	0.800000
854	120114	7693	673	0.903443	2.000000
1240	138474	7693	673	0.999965	12.367347
1479	1499	7693	673	0.667341	0.973262
1908	1767	7693	673	0.853503	1.603306
2603	2312	7693	673	0.765166	1.220779
2759	23345	7693	673	0.786802	1.320000
4045	324	7693	673	0.461762	0.687500
4108	338	7693	673	0.994861	4.888889
4522	3815	7693	673	0.997942	5.511364
4536	3845	7693	673	0.228189	0.538793
4844	4089	7693	673	0.901406	1.841270
4994	440279	7693	673	0.903443	2.000000
5120	472	7693	673	0.978362	2.927632
5143	4763	7693	673	0.974987	2.984127
5209	4893	7693	673	0.903443	2.000000
5717	5290	7693	673	0.950459	2.228571
5747	53353	7693	673	0.796034	1.328671
5946	54768	7693	673	0.994861	4.888889
6198	55294	7693	673	0.868778	1.642512
6609	56776	7693	673	0.538238	0.608974
6747	5727	7693	673	0.966361	2.940000
6748	5728	7693	673	0.999222	5.600000
6910	57674	7693	673	0.975130	3.300000
6928	577	7693	673	0.664485	0.816667
7063	5925	7693	673	0.825573	1.454545
7215	6261	7693	673	0.879547	1.781818
7216	6262	7693	673	0.992096	3.875000
7430	64478	7693	673	0.460493	0.516667
7664	667	7693	673	0.903443	2.000000
7681	6708	7693	673	0.903443	2.000000
7703	675	7693	673	0.903443	2.000000
7789	6934	7693	673	0.621473	0.734848
7885	7157	7693	673	0.896726	2.018987
7935	7273	7693	673	0.985915	3.150000
8004	7399	7693	673	0.825573	1.454545
8016	7428	7693	673	0.999976	11.433333
8289	79633	7693	673	0.579286	0.666667
8352	79776	7693	673	0.621473	0.734848
8865	84033	7693	673	0.538238	0.608974
9302	8701	7693	673	0.955911	2.645455
9818	94025	7693	673	0.960166	2.555556
10199	999	7693	673	0.664485	0.816667
115	10178	7703	675	0.839105	1.523810
690	114788	7703	675	0.886871	1.796053
854	120114	7703	675	0.999179	8.408163
1240	138474	7703	675	0.997914	6.412698
1479	1499	7703	675	0.456526	0.511111
1908	1767	7703	675	0.997914	6.412698
2603	2312	7703	675	0.961398	2.798077
2759	23345	7703	675	0.993875	4.259259
4045	324	7703	675	0.757315	1.340206
4108	338	7703	675	0.997914	6.412698
4522	3815	7703	675	0.961398	2.798077
4536	3845	7703	675	0.685616	1.115789
4844	4089	7703	675	0.594595	0.840580
4994	440279	7703	675	0.990954	4.781250
5120	472	7703	675	0.992177	3.991228
5143	4763	7703	675	0.999884	9.800000
5209	4893	7703	675	0.737980	1.000000
5717	5290	7703	675	0.804959	1.392857
5747	53353	7703	675	0.969510	3.062500
5946	54768	7703	675	0.997914	6.412698
6198	55294	7703	675	0.933419	2.161491
6609	56776	7703	675	0.627978	0.746154
6747	5727	7703	675	0.903443	2.000000
6748	5728	7703	675	0.871421	1.673469
6910	57674	7703	675	0.987103	4.208333
6928	577	7703	675	0.938006	2.493827
7063	5925	7703	675	0.627978	0.746154
7215	6261	7703	675	0.921640	2.222222
7216	6262	7703	675	0.916672	2.051471
7430	64478	7703	675	0.999350	7.500000
7664	667	7703	675	0.938006	2.493827
7681	6708	7703	675	0.938006	2.493827
7693	673	7703	675	0.903443	2.000000
7789	6934	7703	675	0.300535	0.000000
7885	7157	7703	675	0.571293	0.910569
7935	7273	7703	675	0.999925	15.000000
8004	7399	7703	675	0.999736	9.351852
8016	7428	7703	675	0.814895	1.407407
8289	79633	7703	675	0.982299	3.750000
8352	79776	7703	675	0.987103	4.208333
8865	84033	7703	675	0.999986	15.300000
9302	8701	7703	675	0.976458	3.375000
9818	94025	7703	675	0.997330	5.277778
10199	999	7703	675	0.938006	2.493827
115	10178	7789	6934	0.507366	0.569697
690	114788	7789	6934	0.851202	1.578947
854	120114	7789	6934	0.701248	0.900000
1240	138474	7789	6934	0.879547	1.781818
1479	1499	7789	6934	0.715881	1.082353
1908	1767	7789	6934	0.879547	1.781818
2603	2312	7789	6934	0.803158	1.357143
2759	23345	7789	6934	0.289601	0.359504
4045	324	7789	6934	0.788202	1.489583
4108	338	7789	6934	0.879547	1.781818
4522	3815	7789	6934	0.803158	1.357143
4536	3845	7789	6934	0.775872	1.325000
4844	4089	7789	6934	0.241754	0.321970
4994	440279	7789	6934	0.701248	0.900000
5120	472	7789	6934	0.808626	1.396825
5143	4763	7789	6934	0.920806	2.088889
5209	4893	7789	6934	0.300535	0.000000
5717	5290	7789	6934	0.738712	1.203125
5747	53353	7789	6934	0.544340	0.616883
5946	54768	7789	6934	0.621473	0.734848
6198	55294	7789	6934	0.737078	1.180556
6609	56776	7789	6934	0.967165	2.969697
6747	5727	7789	6934	0.621473	0.734848
6748	5728	7789	6934	0.605021	0.919540
6910	57674	7789	6934	0.661177	0.809917
6928	577	7789	6934	0.701248	0.900000
7063	5925	7789	6934	0.855651	1.616667
7215	6261	7789	6934	0.661177	0.809917
7216	6262	7789	6934	0.685368	1.011111
7430	64478	7789	6934	0.803158	1.357143
7664	667	7789	6934	0.300535	0.000000
7681	6708	7789	6934	0.921640	2.222222
7693	673	7789	6934	0.621473	0.734848
7703	675	7789	6934	0.300535	0.000000
7885	7157	7789	6934	0.866396	1.812500
7935	7273	7789	6934	0.904993	1.846809
8004	7399	7789	6934	0.855651	1.616667
8016	7428	7789	6934	0.774987	1.253333
8289	79633	7789	6934	0.621473	0.734848
8352	79776	7789	6934	0.901605	1.980000
8865	84033	7789	6934	0.582443	0.671329
9302	8701	7789	6934	0.582443	0.671329
9818	94025	7789	6934	0.101854	0.000000
10199	999	7789	6934	0.921640	2.222222
115	10178	7885	7157	0.836831	1.575758
690	114788	7885	7157	0.961760	2.497653
854	120114	7885	7157	0.828514	1.611111
1240	138474	7885	7157	0.896726	2.018987
1479	1499	7885	7157	0.778744	1.350000
1908	1767	7885	7157	0.699577	1.166667
2603	2312	7885	7157	0.836831	1.575758
2759	23345	7885	7157	0.571850	0.970320
4045	324	7885	7157	0.890831	1.730769
4108	338	7885	7157	0.699577	1.166667
4522	3815	7885	7157	0.954316	2.671053
4536	3845	7885	7157	0.441082	0.860963
4844	4089	7885	7157	0.671509	1.115023
4994	440279	7885	7157	0.828514	1.611111
5120	472	7885	7157	0.623284	1.041667
5143	4763	7885	7157	0.896153	1.866667
5209	4893	7885	7157	0.571293	0.910569
5717	5290	7885	7157	0.987284	2.732203
5747	53353	7885	7157	0.570118	0.939873
5946	54768	7885	7157	0.211075	0.507317
6198	55294	7885	7157	0.756764	1.268116
6609	56776	7885	7157	0.920762	2.230769
6747	5727	7885	7157	0.699577	1.166667
6748	5728	7885	7157	0.786490	1.318681
6910	57674	7885	7157	0.367854	0.658537
6928	577	7885	7157	0.828514	1.611111
7063	5925	7885	7157	0.752515	1.299578
7215	6261	7885	7157	0.367854	0.658537
7216	6262	7885	7157	0.817017	1.459459
7430	64478	7885	7157	0.630343	1.038462
7664	667	7885	7157	0.298387	0.569277
7681	6708	7885	7157	0.828514	1.611111
7693	673	7885	7157	0.896726	2.018987
7703	675	7885	7157	0.571293	0.910569
7789	6934	7885	7157	0.866396	1.812500
7935	7273	7885	7157	0.988262	2.444444
8004	7399	7885	7157	0.752515	1.299578
8016	7428	7885	7157	0.869279	1.719298
8289	79633	7885	7157	0.004115	0.169118
8352	79776	7885	7157	0.367854	0.658537
8865	84033	7885	7157	0.505471	0.843750
9302	8701	7885	7157	0.505471	0.843750
9818	94025	7885	7157	0.625651	1.040000
10199	999	7885	7157	0.828514	1.611111
115	10178	7935	7273	0.965108	2.310606
690	114788	7935	7273	0.897981	1.628571
854	120114	7935	7273	0.989460	3.710145
1240	138474	7935	7273	0.997598	4.848485
1479	1499	7935	7273	0.935270	1.886628
1908	1767	7935	7273	0.985915	3.150000
2603	2312	7935	7273	0.965108	2.310606
2759	23345	7935	7273	0.998254	3.609023
4045	324	7935	7273	0.986724	3.339286
4108	338	7935	7273	0.985915	3.150000
4522	3815	7935	7273	0.999983	11.375000
4536	3845	7935	7273	0.693657	1.125882
4844	4089	7935	7273	0.934211	1.781818
4994	440279	7935	7273	0.989460	3.710145
5120	472	7935	7273	0.996112	3.105263
5143	4763	7935	7273	0.999636	5.512500
5209	4893	7935	7273	0.844101	1.550000
5717	5290	7935	7273	0.998558	3.081886
5747	53353	7935	7273	0.940075	2.033333
5946	54768	7935	7273	0.985915	3.150000
6198	55294	7935	7273	0.997751	3.222222
6609	56776	7935	7273	0.968608	2.480000
6747	5727	7935	7273	0.944377	2.156522
6748	5728	7935	7273	0.984723	2.254945
6910	57674	7935	7273	0.904993	1.846809
6928	577	7935	7273	0.844101	1.550000
7063	5925	7935	7273	0.968608	2.480000
7215	6261	7935	7273	0.904993	1.846809
7216	6262	7935	7273	0.960624	2.107143
7430	64478	7935	7273	0.898352	1.714286
7664	667	7935	7273	0.998669	6.500000
7681	6708	7935	7273	0.989460	3.710145
7693	673	7935	7273	0.985915	3.150000
7703	675	7935	7273	0.999925	15.000000
7789	6934	7935	7273	0.904993	1.846809
7885	7157	7935	7273	0.988262	2.444444
8004	7399	7935	7273	0.998896	5.457364
8016	7428	7935	7273	0.980367	2.600775
8289	79633	7935	7273	0.944377	2.156522
8352	79776	7935	7273	0.973134	2.739130
8865	84033	7935	7273	0.968608	2.480000
9302	8701	7935	7273	0.992838	3.579545
9818	94025	7935	7273	0.960624	2.107143
10199	999	7935	7273	0.989460	3.710145
115	10178	8004	7399	0.909980	1.972028
690	114788	8004	7399	0.996122	4.265625
854	120114	8004	7399	0.996902	5.714286
1240	138474	8004	7399	0.955911	2.645455
1479	1499	8004	7399	0.955584	2.453333
1908	1767	8004	7399	0.955911	2.645455
2603	2312	8004	7399	0.979338	3.166667
2759	23345	8004	7399	0.999239	5.687500
4108	338	8004	7399	0.955911	2.645455
4522	3815	8004	7399	0.996678	4.848485
4536	3845	8004	7399	0.546255	0.910714
4844	4089	8004	7399	0.868907	1.638095
4994	440279	8004	7399	0.999736	9.351852
5120	472	8004	7399	0.998919	5.294118
5143	4763	8004	7399	1.000000	19.600000
5209	4893	8004	7399	0.627978	0.746154
5717	5290	8004	7399	0.977673	2.689655
5747	53353	8004	7399	0.984757	3.490909
5946	54768	8004	7399	0.999135	6.875000
6198	55294	8004	7399	0.828265	1.460870
6609	56776	8004	7399	0.989099	3.880000
6747	5727	8004	7399	0.992486	4.355556
6748	5728	8004	7399	0.999771	6.573913
6910	57674	8004	7399	0.855651	1.616667
6928	577	8004	7399	0.883530	1.814815
7063	5925	8004	7399	0.942636	2.380165
7215	6261	8004	7399	0.995043	4.950000
7216	6262	8004	7399	0.944891	2.275000
7430	64478	8004	7399	0.979338	3.166667
7664	667	8004	7399	0.996902	5.714286
7681	6708	8004	7399	0.883530	1.814815
7693	673	8004	7399	0.825573	1.454545
7703	675	8004	7399	0.999736	9.351852
7789	6934	8004	7399	0.855651	1.616667
7885	7157	8004	7399	0.752515	1.299578
7935	7273	8004	7399	0.998896	5.457364
8016	7428	8004	7399	0.972733	2.892308
8289	79633	8004	7399	0.992486	4.355556
8352	79776	8004	7399	0.999967	12.625000
8865	84033	8004	7399	0.998581	6.049383
9302	8701	8004	7399	0.989099	3.880000
9818	94025	8004	7399	0.987661	3.407407
10199	999	8004	7399	0.996902	5.714286
115	10178	8016	7428	0.998316	5.127273
690	114788	8016	7428	0.999953	7.875000
854	120114	8016	7428	0.999035	6.805556
1240	138474	8016	7428	0.996996	5.000000
1479	1499	8016	7428	0.999117	5.366667
1908	1767	8016	7428	0.733248	1.127273
2603	2312	8016	7428	0.989287	3.522727
2759	23345	8016	7428	0.980308	2.791444
4108	338	8016	7428	0.996996	5.000000
4522	3815	8016	7428	0.998316	5.127273
4536	3845	8016	7428	0.239654	0.600000
4844	4089	8016	7428	0.998577	4.549020
4994	440279	8016	7428	0.952081	2.571429
5120	472	8016	7428	0.994262	3.582353
5143	4763	8016	7428	0.999447	5.918182
5209	4893	8016	7428	0.814895	1.407407
5717	5290	8016	7428	0.916034	1.810345
5747	53353	8016	7428	0.864456	1.642857
5946	54768	8016	7428	0.733248	1.127273
6198	55294	8016	7428	0.857679	1.553030
6609	56776	8016	7428	0.690314	1.022222
6747	5727	8016	7428	0.996996	5.000000
6748	5728	8016	7428	0.999953	7.246032
6910	57674	8016	7428	0.998233	5.773810
6928	577	8016	7428	0.814895	1.407407
7063	5925	8016	7428	0.999948	9.700000
7215	6261	8016	7428	0.934621	2.261905
7216	6262	8016	7428	0.991900	3.506494
7430	64478	8016	7428	0.603180	0.857143
7664	667	8016	7428	0.991681	4.263736
7681	6708	8016	7428	0.522233	0.587500
7693	673	8016	7428	0.999976	11.433333
7703	675	8016	7428	0.814895	1.407407
7789	6934	8016	7428	0.774987	1.253333
7885	7157	8016	7428	0.869279	1.719298
7935	7273	8016	7428	0.980367	2.600775
8004	7399	8016	7428	0.972733	2.892308
8289	79633	8016	7428	0.424125	0.479167
8352	79776	8016	7428	0.471683	0.528409
8865	84033	8016	7428	0.972733	2.892308
9302	8701	8016	7428	0.972733	2.892308
9818	94025	8016	7428	0.436774	0.637037
10199	999	8016	7428	0.952081	2.571429
115	10178	8289	79633	0.765166	1.220779
690	114788	8289	79633	0.567005	0.800000
854	120114	8289	79633	0.982299	3.750000
1240	138474	8289	79633	0.853503	1.603306
1479	1499	8289	79633	0.667341	0.973262
1908	1767	8289	79633	0.966361	2.940000
2603	2312	8289	79633	0.929797	2.192308
2759	23345	8289	79633	0.928806	2.081871
4045	324	8289	79633	0.815406	1.642105
4108	338	8289	79633	0.853503	1.603306
4522	3815	8289	79633	0.765166	1.220779
4536	3845	8289	79633	0.664584	1.083333
4844	4089	8289	79633	0.200276	0.291667
4994	440279	8289	79633	0.982299	3.750000
5120	472	8289	79633	0.761009	1.242857
5143	4763	8289	79633	0.700552	1.045455
5209	4893	8289	79633	0.982299	3.750000
5717	5290	8289	79633	0.667603	1.055556
5747	53353	8289	79633	0.989409	3.919192
5946	54768	8289	79633	0.966361	2.940000
6198	55294	8289	79633	0.868778	1.642512
6609	56776	8289	79633	0.538238	0.608974
6747	5727	8289	79633	0.853503	1.603306
6748	5728	8289	79633	0.276327	0.472727
6910	57674	8289	79633	0.879547	1.781818
6928	577	8289	79633	0.903443	2.000000
7063	5925	8289	79633	0.825573	1.454545
7215	6261	8289	79633	0.975130	3.300000
7216	6262	8289	79633	0.633861	0.909091
7430	64478	8289	79633	0.985531	3.555556
7664	667	8289	79633	0.903443	2.000000
7681	6708	8289	79633	0.903443	2.000000
7693	673	8289	79633	0.579286	0.666667
7703	675	8289	79633	0.982299	3.750000
7789	6934	8289	79633	0.621473	0.734848
7885	7157	8289	79633	0.004115	0.169118
7935	7273	8289	79633	0.944377	2.156522
8004	7399	8289	79633	0.992486	4.355556
8016	7428	8289	79633	0.424125	0.479167
8352	79776	8289	79633	0.999983	14.571429
8865	84033	8289	79633	0.955911	2.645455
9302	8701	8289	79633	0.825573	1.454545
9818	94025	8289	79633	0.960166	2.555556
10199	999	8289	79633	0.664485	0.816667
115	10178	8352	79776	0.990304	4.041667
690	114788	8352	79776	0.958207	2.527778
854	120114	8352	79776	0.987103	4.208333
1240	138474	8352	79776	0.975130	3.300000
1479	1499	8352	79776	0.715881	1.082353
1908	1767	8352	79776	0.996636	5.555556
2603	2312	8352	79776	0.803158	1.357143
2759	23345	8352	79776	0.989336	3.611111
4045	324	8352	79776	0.417557	0.618557
4108	338	8352	79776	0.879547	1.781818
4522	3815	8352	79776	0.990304	4.041667
4536	3845	8352	79776	0.775872	1.325000
4844	4089	8352	79776	0.530896	0.747826
4994	440279	8352	79776	0.998656	7.285714
5120	472	8352	79776	0.997859	5.055556
5143	4763	8352	79776	0.982971	3.392857
5209	4893	8352	79776	0.921640	2.222222
5717	5290	8352	79776	0.897705	1.797235
5747	53353	8352	79776	0.992959	4.454545
5946	54768	8352	79776	0.999702	9.017857
6198	55294	8352	79776	0.737078	1.180556
6609	56776	8352	79776	0.855651	1.616667
6747	5727	8352	79776	0.975130	3.300000
6748	5728	8352	79776	0.822022	1.446429
6910	57674	8352	79776	0.901605	1.980000
6928	577	8352	79776	0.987103	4.208333
7063	5925	8352	79776	0.582443	0.671329
7215	6261	8352	79776	0.981747	3.703704
7216	6262	8352	79776	0.685368	1.011111
7430	64478	8352	79776	0.998799	6.363636
7664	667	8352	79776	0.987103	4.208333
7681	6708	8352	79776	0.998656	7.285714
7693	673	8352	79776	0.621473	0.734848
7703	675	8352	79776	0.987103	4.208333
7789	6934	8352	79776	0.901605	1.980000
7885	7157	8352	79776	0.367854	0.658537
7935	7273	8352	79776	0.973134	2.739130
8004	7399	8352	79776	0.999967	12.625000
8016	7428	8352	79776	0.471683	0.528409
8289	79633	8352	79776	0.999983	14.571429
8865	84033	8352	79776	0.995043	4.950000
9302	8701	8352	79776	0.967165	2.969697
9818	94025	8352	79776	0.999429	6.785714
10199	999	8352	79776	0.987103	4.208333
115	10178	8865	84033	0.996678	4.848485
690	114788	8865	84033	0.979248	2.941176
854	120114	8865	84033	0.999736	9.351852
1240	138474	8865	84033	0.955911	2.645455
1479	1499	8865	84033	0.998626	5.423077
1908	1767	8865	84033	0.955911	2.645455
2603	2312	8865	84033	0.909980	1.972028
2759	23345	8865	84033	0.973774	2.746914
4045	324	8865	84033	0.839335	1.797872
4108	338	8865	84033	0.955911	2.645455
4522	3815	8865	84033	0.979338	3.166667
4536	3845	8865	84033	0.326501	0.657895
4844	4089	8865	84033	0.868907	1.638095
4994	440279	8865	84033	0.976458	3.375000
5120	472	8865	84033	0.999991	11.040000
5143	4763	8865	84033	0.999994	12.933333
5209	4893	8865	84033	0.976458	3.375000
5717	5290	8865	84033	0.977673	2.689655
5747	53353	8865	84033	0.760229	1.205128
5946	54768	8865	84033	0.992486	4.355556
6198	55294	8865	84033	0.997236	4.350000
6609	56776	8865	84033	0.942636	2.380165
6747	5727	8865	84033	0.992486	4.355556
6748	5728	8865	84033	0.990159	3.280000
6910	57674	8865	84033	0.999504	7.936508
6928	577	8865	84033	0.976458	3.375000
7063	5925	8865	84033	0.942636	2.380165
7215	6261	8865	84033	0.999504	7.936508
7216	6262	8865	84033	0.944891	2.275000
7430	64478	8865	84033	0.996678	4.848485
7664	667	8865	84033	0.996902	5.714286
7681	6708	8865	84033	0.996902	5.714286
7693	673	8865	84033	0.538238	0.608974
7703	675	8865	84033	0.999986	15.300000
7789	6934	8865	84033	0.582443	0.671329
7885	7157	8865	84033	0.505471	0.843750
7935	7273	8865	84033	0.968608	2.480000
8004	7399	8865	84033	0.998581	6.049383
8016	7428	8865	84033	0.972733	2.892308
8289	79633	8865	84033	0.955911	2.645455
8352	79776	8865	84033	0.995043	4.950000
9302	8701	8865	84033	0.989099	3.880000
9818	94025	8865	84033	0.944891	2.275000
10199	999	8865	84033	0.999986	15.300000
115	10178	9302	8701	0.909980	1.972028
690	114788	9302	8701	0.996122	4.265625
854	120114	9302	8701	0.976458	3.375000
1240	138474	9302	8701	0.955911	2.645455
1479	1499	9302	8701	0.618474	0.882353
1908	1767	9302	8701	0.825573	1.454545
2603	2312	9302	8701	0.996678	4.848485
2759	23345	9302	8701	0.903824	1.852632
4108	338	9302	8701	0.992486	4.355556
4522	3815	9302	8701	0.909980	1.972028
4536	3845	9302	8701	0.326501	0.657895
4844	4089	9302	8701	0.680411	1.053719
4994	440279	9302	8701	0.999736	9.351852
5120	472	9302	8701	0.998919	5.294118
5143	4763	9302	8701	0.999079	5.937500
5209	4893	9302	8701	0.976458	3.375000
5717	5290	9302	8701	0.923244	1.925000
5747	53353	9302	8701	0.927319	2.159091
5946	54768	9302	8701	0.992486	4.355556
6198	55294	9302	8701	0.828265	1.460870
6609	56776	9302	8701	0.495670	0.556213
6747	5727	9302	8701	0.825573	1.454545
6748	5728	9302	8701	0.998233	4.611111
6910	57674	9302	8701	0.855651	1.616667
6928	577	9302	8701	0.883530	1.814815
7063	5925	9302	8701	0.495670	0.556213
7215	6261	9302	8701	0.995043	4.950000
7216	6262	9302	8701	0.998009	4.982143
7430	64478	9302	8701	0.979338	3.166667
7664	667	9302	8701	0.999736	9.351852
7681	6708	9302	8701	0.996902	5.714286
7693	673	9302	8701	0.955911	2.645455
7703	675	9302	8701	0.976458	3.375000
7789	6934	9302	8701	0.582443	0.671329
7885	7157	9302	8701	0.505471	0.843750
7935	7273	9302	8701	0.992838	3.579545
8004	7399	9302	8701	0.989099	3.880000
8016	7428	9302	8701	0.972733	2.892308
8289	79633	9302	8701	0.825573	1.454545
8352	79776	9302	8701	0.967165	2.969697
8865	84033	9302	8701	0.989099	3.880000
9818	94025	9302	8701	0.987661	3.407407
10199	999	9302	8701	0.883530	1.814815
115	10178	9818	94025	0.743537	1.194570
690	114788	9818	94025	0.879306	1.647059
854	120114	9818	94025	0.981941	3.357143
1240	138474	9818	94025	0.857059	1.605882
1479	1499	9818	94025	0.350902	0.549020
1908	1767	9818	94025	0.998890	5.755102
2603	2312	9818	94025	0.973860	2.727273
2759	23345	9818	94025	0.985601	2.860577
4045	324	9818	94025	0.716623	1.213483
4108	338	9818	94025	0.998890	5.755102
4522	3815	9818	94025	0.973860	2.727273
4536	3845	9818	94025	0.701763	1.151709
4844	4089	9818	94025	0.365229	0.633690
4994	440279	9818	94025	0.999735	8.228571
5120	472	9818	94025	0.995503	3.541667
5143	4763	9818	94025	0.852848	1.553571
5209	4893	9818	94025	0.425448	0.478947
5717	5290	9818	94025	0.911469	1.738095
5747	53353	9818	94025	0.783897	1.308824
5946	54768	9818	94025	0.998890	5.755102
6198	55294	9818	94025	0.997385	3.772727
6609	56776	9818	94025	0.283377	0.356275
6747	5727	9818	94025	0.992096	3.875000
6748	5728	9818	94025	0.958833	2.138889
6910	57674	9818	94025	0.888784	1.803922
6928	577	9818	94025	0.916672	2.051471
7063	5925	9818	94025	0.821926	1.443850
7215	6261	9818	94025	0.888784	1.803922
7216	6262	9818	94025	0.789934	1.328125
7430	64478	9818	94025	0.994676	3.900000
7664	667	9818	94025	0.916672	2.051471
7681	6708	9818	94025	0.916672	2.051471
7693	673	9818	94025	0.960166	2.555556
7703	675	9818	94025	0.997330	5.277778
7789	6934	9818	94025	0.101854	0.000000
7885	7157	9818	94025	0.625651	1.040000
7935	7273	9818	94025	0.960624	2.107143
8004	7399	9818	94025	0.987661	3.407407
8016	7428	9818	94025	0.436774	0.637037
8289	79633	9818	94025	0.960166	2.555556
8352	79776	9818	94025	0.999429	6.785714
8865	84033	9818	94025	0.944891	2.275000
9302	8701	9818	94025	0.987661	3.407407
10199	999	9818	94025	0.736222	1.135802
115	10178	10199	999	0.993844	4.666667
690	114788	10199	999	0.886871	1.796053
854	120114	10199	999	0.938006	2.493827
1240	138474	10199	999	0.903443	2.000000
1479	1499	10199	999	0.998052	5.714286
1908	1767	10199	999	0.903443	2.000000
2603	2312	10199	999	0.961398	2.798077
2759	23345	10199	999	0.999245	6.564706
4108	338	10199	999	0.982299	3.750000
4522	3815	10199	999	0.999350	7.500000
4536	3845	10199	999	0.441767	0.747126
4844	4089	10199	999	0.951564	2.421769
4994	440279	10199	999	0.938006	2.493827
5120	472	10199	999	0.998971	6.133333
5143	4763	10199	999	0.998611	6.217949
5209	4893	10199	999	0.999179	8.408163
5717	5290	10199	999	0.997378	4.887931
5747	53353	10199	999	0.969510	3.062500
5946	54768	10199	999	0.664485	0.816667
6198	55294	10199	999	0.997629	5.085714
6609	56776	10199	999	0.883530	1.814815
6747	5727	10199	999	0.999843	10.625000
6748	5728	10199	999	0.999909	9.555556
6910	57674	10199	999	0.701248	0.900000
6928	577	10199	999	0.938006	2.493827
7063	5925	10199	999	0.242685	0.000000
7215	6261	10199	999	0.987103	4.208333
7216	6262	10199	999	0.916672	2.051471
7430	64478	10199	999	0.839105	1.523810
7664	667	10199	999	0.990954	4.781250
7681	6708	10199	999	0.737980	1.000000
7693	673	10199	999	0.664485	0.816667
7703	675	10199	999	0.938006	2.493827
7789	6934	10199	999	0.921640	2.222222
7885	7157	10199	999	0.828514	1.611111
7935	7273	10199	999	0.989460	3.710145
8004	7399	10199	999	0.996902	5.714286
8016	7428	10199	999	0.952081	2.571429
8289	79633	10199	999	0.664485	0.816667
8352	79776	10199	999	0.987103	4.208333
8865	84033	10199	999	0.999986	15.300000
9302	8701	10199	999	0.883530	1.814815
9818	94025	10199	999	0.736222	1.135802
