TCGA-23-2643	4.70	0	4.70	0
TCGA-23-2641	2.76	0	2.76	0
TCGA-23-2647	4.43	0	4.43	0
TCGA-23-2645	4.50	0	4.50	0
TCGA-23-2649	3.81	0	3.81	0
TCGA-13-0720	9.59	1	44.51	1
TCGA-24-1463	31.90	1	72.86	1
TCGA-04-1638	9.79	1	55.39	1
TCGA-24-1614	21.16	1	48.29	1
TCGA-24-1616	13.30	1	38.21	1
TCGA-29-1698	5.95	1	68.27	0
TCGA-29-1699	36.33	1	36.33	1
TCGA-29-1696	11.24	1	33.90	1
TCGA-29-1697	16.43	1	31.18	1
TCGA-29-1694	38.99	1	38.99	1
TCGA-29-1695	40.37	1	40.37	1
TCGA-29-1693	22.80	1	101.71	0
TCGA-29-1690	47.57	1	47.57	1
TCGA-29-1691	20.14	1	48.29	1
TCGA-13-0726	12.88	1	31.18	1
TCGA-24-1419	7.85	0	7.85	0
TCGA-42-2591	40.74	0	40.74	0
TCGA-42-2590	7.42	1	10.41	1
TCGA-13-0755	1.12	1	2.50	1
TCGA-13-0751	21.45	1	55.12	1
TCGA-23-1122	14.68	1	39.06	1
TCGA-13-0717	9.66	1	24.57	1
TCGA-25-1319	23.98	1	64.95	1
TCGA-25-1318	6.08	1	34.95	1
TCGA-25-1313	12.94	1	26.94	1
TCGA-25-1317	2.00	1	2.00	1
TCGA-25-1316	9.07	1	42.02	1
TCGA-25-1315	5.03	1	52.00	1
TCGA-59-2372	44.78	1	44.78	1
TCGA-23-1123	33.44	1	33.44	1
TCGA-13-1477	7.72	1	54.60	1
TCGA-24-1474	10.91	1	22.21	1
TCGA-24-2019	4.86	0	4.86	0
TCGA-24-1471	1.18	0	1.18	0
TCGA-24-1470	3.45	0	3.45	0
TCGA-23-1109	32.42	1	51.31	1
TCGA-36-1568	18.00	1	28.75	0
TCGA-36-1569	29.07	0	29.07	0
TCGA-25-1628	9.43	1	20.60	1
TCGA-25-1627	12.94	1	12.94	1
TCGA-25-1626	10.45	1	17.02	1
TCGA-25-1625	17.28	1	27.60	1
TCGA-25-1623	11.24	1	18.56	1
TCGA-09-0366	6.24	1	57.72	1
TCGA-09-0364	12.98	1	29.14	1
TCGA-20-0991	26.18	0	26.18	0
TCGA-20-0990	28.61	1	25.92	0
TCGA-09-0369	9.00	1	35.55	1
TCGA-29-1711	34.59	0	34.59	0
TCGA-29-1710	10.35	1	31.24	1
TCGA-23-1119	110.97	1	129.86	0
TCGA-13-0913	28.61	1	109.23	0
TCGA-13-0912	15.41	1	37.61	1
TCGA-13-0911	9.17	1	44.51	1
TCGA-13-2071	10.58	1	25.39	1
TCGA-13-0916	58.64	0	58.64	0
TCGA-24-2281	44.58	0	44.58	0
TCGA-24-2280	17.58	1	70.40	0
TCGA-24-1564	7.26	1	25.85	1
TCGA-13-0919	84.46	0	84.46	0
TCGA-24-2289	18.66	1	67.31	1
TCGA-24-2288	0.82	1	0.82	1
TCGA-36-2548	12.98	1	14.16	0
TCGA-36-2543	0.89	1	2.23	1
TCGA-36-2542	21.58	0	21.58	0
TCGA-36-2540	21.85	1	23.78	0
TCGA-36-2547	20.50	0	20.50	0
TCGA-13-0714	3.61	1	6.21	1
TCGA-36-2545	18.30	0	18.30	0
TCGA-36-2544	10.68	1	20.96	0
TCGA-23-2077	40.47	1	115.80	0
TCGA-23-2072	15.64	1	24.93	1
TCGA-23-2079	9.30	1	91.59	0
TCGA-23-2078	87.42	0	87.42	0
TCGA-04-1353	0.53	0	0.53	0
TCGA-04-1350	3.65	1	63.93	1
TCGA-04-1356	5.12	1	49.24	1
TCGA-57-1583	11.37	1	11.37	1
TCGA-61-2002	17.97	0	17.97	0
TCGA-61-2003	4.01	0	4.01	0
TCGA-61-2000	11.14	1	14.49	0
TCGA-57-1582	24.01	1	24.01	1
TCGA-61-2008	26.87	1	30.62	0
TCGA-61-2009	3.32	1	39.82	0
TCGA-25-2398	18.96	1	44.97	1
TCGA-25-2399	7.98	1	19.97	1
TCGA-25-2392	1.02	1	1.02	1
TCGA-25-2393	10.02	1	38.01	1
TCGA-25-2391	49.01	1	49.01	1
TCGA-13-0760	11.53	1	11.53	1
TCGA-13-0761	13.93	1	37.98	1
TCGA-13-0762	32.95	1	111.70	0
TCGA-61-2109	15.28	1	20.66	1
TCGA-30-1862	6.11	1	6.11	1
TCGA-09-1675	97.47	0	97.47	0
TCGA-24-1849	5.78	0	5.78	0
TCGA-24-1842	8.31	0	8.31	0
TCGA-24-1843	3.48	0	3.48	0
TCGA-24-1844	3.71	0	3.71	0
TCGA-24-1845	3.81	0	3.81	0
TCGA-24-1846	4.37	0	4.37	0
TCGA-24-1847	11.27	0	11.27	0
TCGA-23-1809	0.53	0	0.53	0
TCGA-24-1435	16.59	1	43.50	1
TCGA-24-1434	11.07	1	18.66	1
TCGA-24-1436	8.54	1	8.54	1
TCGA-23-1029	8.80	0	8.80	0
TCGA-23-1028	4.37	1	49.38	0
TCGA-23-1023	16.10	1	40.51	0
TCGA-23-1022	14.78	1	49.64	1
TCGA-23-1021	47.50	1	47.50	1
TCGA-61-2092	51.68	0	51.68	0
TCGA-61-2095	14.62	1	61.60	1
TCGA-61-2094	71.68	0	71.68	0
TCGA-61-2097	60.58	0	60.58	0
TCGA-23-1024	15.37	0	15.37	0
TCGA-13-1408	25.13	1	55.19	1
TCGA-13-1409	22.67	1	57.23	1
TCGA-13-1403	13.73	1	77.04	1
TCGA-13-1407	43.79	1	83.25	0
TCGA-13-1404	51.94	1	81.11	0
TCGA-13-1405	7.49	1	28.52	1
TCGA-13-1507	10.64	1	65.47	1
TCGA-24-1105	15.44	1	47.37	1
TCGA-24-1104	31.50	1	63.50	1
TCGA-24-1103	22.27	1	54.07	1
TCGA-13-0765	21.94	1	45.63	1
TCGA-24-2030	21.22	1	55.88	1
TCGA-25-2042	13.01	1	13.01	1
TCGA-04-1644	20.83	1	48.85	1
TCGA-04-1646	16.69	1	27.86	1
TCGA-04-1648	13.53	1	28.61	1
TCGA-04-1649	54.93	1	64.59	0
TCGA-29-1762	45.17	1	86.53	1
TCGA-29-1763	14.06	1	66.75	0
TCGA-29-1761	17.35	1	17.35	1
TCGA-29-1766	22.08	1	39.39	1
TCGA-29-1764	26.02	1	62.88	0
TCGA-13-0904	10.84	1	50.33	1
TCGA-29-1768	17.97	1	31.27	1
TCGA-29-1769	22.96	0	22.96	0
TCGA-25-2400	18.96	1	41.98	1
TCGA-25-2401	2.96	1	2.96	1
TCGA-25-2404	13.99	1	29.01	1
TCGA-25-2408	10.97	1	30.98	1
TCGA-25-2409	9.99	1	26.97	1
TCGA-24-2271	27.17	1	31.60	1
TCGA-24-0966	7.62	0	7.62	0
TCGA-36-2532	29.47	0	29.47	0
TCGA-36-2530	20.70	1	32.98	0
TCGA-13-0723	6.90	1	39.55	1
TCGA-13-0724	2.73	1	2.73	1
TCGA-36-2537	14.16	1	25.89	0
TCGA-36-2534	12.58	1	29.80	0
TCGA-13-0727	8.31	1	15.18	1
TCGA-36-2538	17.18	1	25.07	0
TCGA-10-0931	9.86	1	32.85	1
TCGA-04-1542	33.51	1	84.13	1
TCGA-61-1728	17.51	1	27.86	0
TCGA-61-1901	10.81	1	11.40	1
TCGA-61-1722	8.08	0	8.08	0
TCGA-61-1906	7.75	1	34.10	1
TCGA-61-1727	18.53	0	18.53	0
TCGA-61-1725	27.73	1	31.41	0
TCGA-25-1326	13.01	1	41.03	1
TCGA-25-1324	34.00	1	34.00	1
TCGA-25-1325	32.06	1	32.06	1
TCGA-25-1322	2.99	1	2.99	1
TCGA-25-1320	13.93	1	37.94	1
TCGA-25-1321	14.91	1	33.94	1
TCGA-25-1328	8.02	1	66.00	1
TCGA-25-1329	15.01	1	15.01	1
TCGA-09-1672	5.85	0	5.85	0
TCGA-09-1673	3.02	0	3.02	0
TCGA-09-1670	17.97	1	17.97	0
TCGA-57-1586	8.51	1	22.31	0
TCGA-09-1674	8.54	0	8.54	0
TCGA-57-1584	17.41	1	21.12	0
TCGA-59-2348	180.06	0	180.06	0
TCGA-10-0930	22.34	1	34.17	1
TCGA-61-1903	13.01	0	13.01	0
TCGA-61-1900	5.78	0	5.78	0
TCGA-10-0933	11.70	1	14.65	1
TCGA-10-0934	3.65	1	6.70	1
TCGA-10-0935	35.41	1	35.41	1
TCGA-61-1904	9.07	0	9.07	0
TCGA-10-0937	7.72	1	19.97	1
TCGA-10-0938	11.89	1	20.89	1
TCGA-36-1571	12.32	1	22.83	1
TCGA-24-1567	10.48	1	17.21	1
TCGA-24-1565	4.76	1	10.25	1
TCGA-23-1118	85.94	0	85.94	0
TCGA-36-1577	25.72	0	25.72	0
TCGA-24-1562	7.52	1	45.47	1
TCGA-36-1575	8.54	0	8.54	0
TCGA-24-1560	4.70	1	44.05	1
TCGA-24-1563	13.01	1	47.67	1
TCGA-23-1111	3.22	0	3.22	0
TCGA-36-1578	10.18	1	27.83	0
TCGA-23-1117	13.73	1	33.28	1
TCGA-23-1116	9.40	1	19.45	1
TCGA-36-1576	26.84	1	30.06	0
TCGA-24-1431	6.54	1	18.63	1
TCGA-29-2427	51.97	1	62.42	0
TCGA-29-2429	13.83	1	13.83	1
TCGA-36-1574	21.29	1	22.54	0
TCGA-13-0791	9.23	1	40.21	1
TCGA-13-0793	11.53	1	107.19	0
TCGA-13-0792	26.81	1	118.33	0
TCGA-13-0795	10.68	1	20.34	1
TCGA-23-1110	10.71	1	54.47	0
TCGA-61-1995	2.00	0	2.00	0
TCGA-23-1114	20.83	1	68.63	1
TCGA-61-1998	5.52	0	5.52	0
TCGA-13-2065	31.08	1	65.47	0
TCGA-13-0924	31.60	1	85.87	0
TCGA-13-2066	33.77	1	70.07	1
TCGA-13-2061	76.84	0	76.84	0
TCGA-13-2060	48.46	1	77.83	0
TCGA-13-0920	9.76	1	48.75	1
TCGA-20-1686	2.92	0	2.92	0
TCGA-20-1687	2.66	0	2.66	0
TCGA-20-1684	19.09	0	19.09	0
TCGA-20-1685	16.69	0	16.69	0
TCGA-20-1682	27.50	0	27.50	0
TCGA-20-1683	20.30	1	25.36	0
TCGA-09-2044	6.11	0	6.11	0
TCGA-09-2045	20.73	1	35.12	1
TCGA-30-1891	5.95	1	30.03	1
TCGA-09-2049	31.31	1	112.32	0
TCGA-04-1349	14.06	1	21.55	1
TCGA-04-1348	18.89	1	48.72	1
TCGA-04-1347	63.04	0	63.04	0
TCGA-04-1346	65.47	0	65.47	0
TCGA-04-1343	11.86	1	11.86	1
TCGA-04-1342	18.50	1	18.50	1
TCGA-30-1856	7.23	1	15.67	1
TCGA-30-1857	0.26	1	0.26	1
TCGA-30-1855	2.46	1	2.46	1
TCGA-30-1853	20.83	1	36.24	1
TCGA-61-1740	2.43	1	2.43	1
TCGA-61-2012	30.62	0	30.62	0
TCGA-61-2016	1.18	1	1.18	1
TCGA-23-1027	3.75	1	32.06	1
TCGA-23-1026	26.18	1	26.81	0
TCGA-13-1482	19.78	1	61.66	1
TCGA-13-1483	9.76	1	29.40	1
TCGA-04-1530	11.50	1	118.99	1
TCGA-13-1481	86.99	1	86.99	1
TCGA-13-1487	13.53	1	22.37	1
TCGA-13-1484	16.33	1	124.34	1
TCGA-13-1488	11.53	1	70.76	1
TCGA-13-1489	26.48	1	83.87	1
TCGA-13-0897	18.20	1	71.68	1
TCGA-36-1570	12.32	1	21.52	0
TCGA-24-2035	9.43	1	28.15	1
TCGA-13-1411	7.82	1	17.44	1
TCGA-13-1410	10.48	1	80.95	0
TCGA-13-1412	13.44	1	32.33	1
TCGA-24-2038	38.40	1	44.48	1
TCGA-61-1895	1.45	0	1.45	0
TCGA-61-1899	8.41	0	8.41	0
TCGA-13-0899	17.97	1	66.10	1
TCGA-29-1781	8.38	0	8.38	0
TCGA-29-1783	7.23	0	7.23	0
TCGA-29-1784	5.35	0	5.35	0
TCGA-29-1785	15.54	1	36.27	1
TCGA-13-0801	11.33	1	45.96	1
TCGA-13-0800	45.86	1	87.42	0
TCGA-13-0802	16.75	1	50.99	1
TCGA-13-0804	10.81	1	35.25	1
TCGA-13-0807	13.60	1	13.60	1
TCGA-04-1652	28.91	1	31.83	1
TCGA-04-1651	32.52	1	36.20	1
TCGA-29-1778	14.91	0	14.91	0
TCGA-04-1655	26.91	1	45.34	1
TCGA-29-1775	11.20	1	12.35	0
TCGA-29-1774	7.69	1	17.31	0
TCGA-29-1777	12.29	0	12.29	0
TCGA-29-1776	11.83	0	11.83	0
TCGA-29-1771	19.55	1	22.54	0
TCGA-29-1770	12.39	1	24.34	0
TCGA-31-1959	2.20	0	2.20	0
TCGA-13-0894	18.56	1	49.57	1
TCGA-13-0893	15.14	1	43.33	1
TCGA-13-0890	145.34	0	145.34	0
TCGA-13-0891	25.03	1	102.76	1
TCGA-31-1950	11.47	1	18.76	0
TCGA-31-1953	2.30	1	6.70	0
TCGA-61-2110	7.00	1	44.48	1
TCGA-61-2111	72.44	1	125.66	0
TCGA-61-2113	9.56	1	22.21	1
TCGA-13-2057	29.47	1	79.96	0
TCGA-24-2261	0.79	1	0.79	1
TCGA-24-2260	21.91	1	36.14	1
TCGA-24-2262	0.36	1	0.36	1
TCGA-13-2059	33.02	1	78.42	0
TCGA-24-2267	16.82	1	47.50	1
TCGA-24-0975	21.78	1	21.78	1
TCGA-24-0970	9.20	1	11.63	1
TCGA-24-0979	14.06	1	41.52	1
TCGA-13-0730	17.81	1	17.81	1
TCGA-61-1737	44.81	0	44.81	0
TCGA-61-1736	25.10	1	48.75	1
TCGA-61-1730	4.34	1	4.34	1
TCGA-61-1733	5.75	1	31.77	0
TCGA-61-1738	9.07	1	35.78	1
TCGA-09-1669	30.49	0	30.49	0
TCGA-09-1665	15.37	1	41.59	1
TCGA-09-1664	74.87	1	74.87	1
TCGA-09-1666	15.77	1	57.56	0
TCGA-09-1661	38.40	1	38.40	1
TCGA-09-1662	34.36	1	89.26	1
TCGA-59-2351	70.27	1	116.03	0
TCGA-59-2350	6.93	1	22.31	1
TCGA-59-2352	9.40	1	9.40	1
TCGA-59-2355	2.14	1	2.14	1
TCGA-59-2354	15.18	1	34.36	1
TCGA-13-0923	56.47	1	83.67	0
TCGA-61-1919	14.42	1	38.14	1
TCGA-61-1915	67.71	0	67.71	0
TCGA-61-1914	54.99	1	56.57	0
TCGA-61-1911	27.73	1	42.48	0
TCGA-61-1910	37.02	0	37.02	0
TCGA-61-1913	48.88	0	48.88	0
TCGA-13-1510	39.06	1	44.65	1
TCGA-13-1512	14.03	1	14.52	0
TCGA-24-1418	7.98	0	7.98	0
TCGA-10-0927	32.88	1	81.80	1
TCGA-10-0926	9.43	1	25.89	1
TCGA-24-1413	6.31	0	6.31	0
TCGA-10-0928	18.50	1	18.50	1
TCGA-24-1417	7.82	0	7.82	0
TCGA-24-1416	6.37	0	6.37	0
TCGA-24-1552	13.24	1	41.36	1
TCGA-24-1553	18.17	1	58.05	1
TCGA-23-1124	21.06	1	58.08	1
TCGA-24-1551	25.10	1	51.87	1
TCGA-24-1556	17.71	1	70.57	1
TCGA-24-1557	14.68	1	39.85	1
TCGA-23-1120	4.27	0	4.27	0
TCGA-24-1555	51.81	1	88.44	1
TCGA-24-1558	8.97	1	19.51	1
TCGA-29-2432	5.72	1	21.45	1
TCGA-29-2431	31.54	1	42.21	0
TCGA-29-2436	9.76	0	9.76	0
TCGA-29-2434	11.47	0	11.47	0
TCGA-04-1525	7.00	1	38.34	1
TCGA-13-1501	12.88	1	43.17	1
TCGA-24-1422	0.76	1	0.76	1
TCGA-24-1423	6.24	0	6.24	0
TCGA-09-2053	39.72	0	39.72	0
TCGA-09-2051	19.15	1	63.04	0
TCGA-09-2050	71.06	0	71.06	0
TCGA-09-2056	12.45	0	12.45	0
TCGA-24-1603	32.59	1	90.08	1
TCGA-24-1604	88.30	1	88.30	1
TCGA-04-1338	12.48	1	46.58	0
TCGA-04-1332	12.91	1	40.97	1
TCGA-04-1336	49.11	0	49.11	0
TCGA-04-1337	2.00	1	2.00	1
TCGA-42-2587	23.72	0	23.72	0
TCGA-42-2582	38.73	1	47.54	1
TCGA-42-2588	8.77	1	28.91	1
TCGA-42-2589	41.85	1	41.98	0
TCGA-24-2254	19.91	1	57.03	1
TCGA-23-2081	76.94	1	76.94	1
TCGA-24-0982	5.03	1	22.31	1
TCGA-24-0980	4.76	1	7.65	1
TCGA-13-1499	19.15	1	114.98	0
TCGA-13-1498	17.54	1	66.10	1
TCGA-13-1495	32.10	1	90.31	1
TCGA-13-1494	22.77	1	93.82	1
TCGA-13-1497	26.71	1	127.17	0
TCGA-13-1496	4.24	1	4.24	1
TCGA-13-1491	16.69	1	52.40	1
TCGA-13-1492	125.46	1	125.46	1
TCGA-25-2396	3.02	1	3.02	1
TCGA-36-1580	14.45	1	24.21	1
TCGA-13-1506	21.88	1	34.13	1
TCGA-59-2363	5.42	0	5.42	0
TCGA-09-1659	9.99	1	9.99	1
TCGA-24-2024	13.83	1	58.11	1
TCGA-30-1718	29.43	1	51.87	1
TCGA-29-1688	6.04	1	78.84	1
TCGA-30-1714	7.92	1	38.04	1
TCGA-61-2613	11.76	1	31.04	1
TCGA-61-2612	5.88	1	6.34	1
TCGA-24-1466	16.13	1	45.11	1
TCGA-24-1464	10.61	1	12.45	1
TCGA-61-2614	1.25	1	8.61	1
TCGA-24-1469	9.10	0	9.10	0
TCGA-25-1634	12.48	1	35.84	1
TCGA-25-1635	20.17	1	52.00	1
TCGA-25-1630	38.17	1	38.17	1
TCGA-25-1631	0.30	1	0.30	1
TCGA-25-1632	17.64	1	59.10	1
TCGA-25-1633	20.24	1	62.12	1
TCGA-20-0987	14.52	1	23.03	1
TCGA-57-1993	25.07	0	25.07	0
TCGA-29-1701	9.79	1	16.92	1
TCGA-29-1702	9.40	1	23.92	1
TCGA-29-1703	10.64	1	59.63	1
TCGA-29-1705	9.30	1	18.23	1
TCGA-29-1707	39.45	1	41.95	0
TCGA-13-0883	26.91	1	68.89	1
TCGA-13-0885	111.30	0	111.30	0
TCGA-13-0884	41.10	1	107.10	1
TCGA-13-0887	16.89	1	66.62	1
TCGA-13-0886	153.25	0	153.25	0
TCGA-13-0889	95.07	1	95.07	1
TCGA-61-2104	55.19	1	76.81	0
TCGA-61-2102	6.47	1	6.47	1
TCGA-61-2101	55.45	1	55.45	1
TCGA-13-0900	133.94	0	133.94	0
TCGA-13-0901	12.81	1	19.35	0
TCGA-13-0903	127.69	0	127.69	0
TCGA-24-2290	10.64	1	36.20	1
TCGA-13-0905	50.43	1	123.06	0
TCGA-13-0906	118.89	0	118.89	0
TCGA-24-2293	16.62	1	16.62	1
TCGA-24-2298	15.41	1	53.22	1
TCGA-36-2551	11.10	1	16.16	0
TCGA-36-2552	11.47	0	11.47	0
TCGA-04-1367	98.46	1	103.32	0
TCGA-61-1741	16.03	1	33.64	1
TCGA-04-1365	43.63	1	76.51	0
TCGA-04-1364	9.46	1	33.64	1
TCGA-04-1362	7.33	1	44.28	1
TCGA-04-1361	30.45	1	32.49	0
TCGA-04-1369	10.35	1	21.09	1
TCGA-04-1514	40.11	1	56.50	1
TCGA-04-1516	41.56	0	41.56	0
TCGA-04-1517	11.47	1	19.97	1
TCGA-04-1519	0.79	0	0.79	0
TCGA-24-1426	5.35	0	5.35	0
TCGA-24-1427	4.83	0	4.83	0
TCGA-24-1424	6.01	0	6.01	0
TCGA-24-1425	5.95	0	5.95	0
TCGA-24-1549	34.23	1	56.54	1
TCGA-24-1548	6.80	1	16.20	1
TCGA-13-1505	51.28	1	65.64	0
TCGA-13-1504	18.00	1	34.79	1
TCGA-24-1545	28.29	1	57.36	1
TCGA-24-1544	21.12	1	26.94	1
TCGA-13-1509	18.99	1	80.09	0
TCGA-24-1546	64.22	1	64.22	1
TCGA-24-1428	14.72	1	17.38	0
TCGA-61-1907	24.41	1	31.27	0
TCGA-61-2088	4.76	0	4.76	0
TCGA-23-1030	17.87	1	29.11	0
TCGA-23-1031	18.89	1	18.89	1
TCGA-23-1032	2.76	1	2.76	1
TCGA-24-1850	5.52	0	5.52	0
TCGA-13-0910	39.82	1	116.56	0
